725058,94793,20150101,31.5,24,10.5,24,9999.9,0,1013.7,19,10.0,24,14.3,24,24.1,33.0,37.4,28.4,0.00I,999.9,000000
725058,94793,20150102,39.8,24,20.0,24,9999.9,0,1014.0,24,10.0,24,16.6,24,26.0,34.0,42.8,37.4,0.00I,999.9,000000
725058,94793,20150103,34.4,24,18.9,24,9999.9,0,1028.9,24,9.8,24,10.4,24,19.0,25.1,39.2*,30.2*,0.00I,999.9,000000
725058,94793,20150104,48.8,24,45.6,24,9999.9,0,1011.5,24,2.6,24,14.3,24,20.0,26.0,55.4,37.4,0.44G,999.9,000000
725058,94793,20150105,43.2,24,29.0,24,9999.9,0,1007.1,24,8.7,24,14.7,24,21.0,34.0,53.6*,28.4*,0.68G,999.9,000000
725058,94793,20150106,20.4,24,4.3,24,9999.9,0,1021.0,24,8.9,24,7.7,24,18.1,29.9,28.4,17.6,0.00G,999.9,000000
725058,94793,20150107,22.3,24,8.8,24,9999.9,0,1008.9,24,9.2,24,9.8,24,18.1,28.0,24.8,19.4,0.00I,999.9,000000
725058,94793,20150108,12.2,24,-3.4,24,9999.9,0,1019.2,24,10.0,24,14.2,24,24.1,36.9,23.0,5.0,0.00I,999.9,000000
725058,94793,20150109,29.5,24,16.7,24,9999.9,0,1014.4,24,9.1,24,18.1,24,33.0,51.1,41.0,21.2,0.00I,999.9,000000
725058,94793,20150110,25.6,24,7.4,24,9999.9,0,1020.5,24,10.0,24,10.4,24,19.0,27.0,32.0*,21.2*,0.00I,999.9,000000
725058,94793,20150111,26.0,24,8.3,24,9999.9,0,1030.9,24,10.0,24,9.5,24,15.0,22.9,37.4*,19.4*,0.00I,999.9,000000
725058,94793,20150112,38.7,24,30.9,24,9999.9,0,1024.3,24,8.8,24,7.9,24,15.0,21.0,42.8,37.4,0.00I,999.9,000000
725058,94793,20150113,31.5,24,20.4,24,9999.9,0,1022.9,24,10.0,24,11.0,24,15.0,24.1,39.2,23.0,0.80G,999.9,000000
725058,94793,20150114,25.6,24,15.7,24,9999.9,0,1027.1,24,10.0,24,9.0,24,13.0,21.0,28.4,21.2,0.00G,999.9,000000
725058,94793,20150115,29.1,24,22.6,24,9999.9,0,1014.2,24,8.9,24,8.1,24,12.0,20.0,30.2,28.4,0.00I,999.9,000000
725058,94793,20150116,33.1,24,19.2,24,9999.9,0,1005.6,24,10.0,24,14.4,24,20.0,28.9,39.2*,28.4*,0.00I,999.9,000000
725058,94793,20150117,19.9,24,-0.9,24,9999.9,0,1019.6,24,10.0,24,9.4,24,17.1,32.1,28.4,15.8,0.00I,999.9,000000
725058,94793,20150118,42.2,24,33.3,24,9999.9,0,1016.0,24,9.7,24,12.2,24,20.0,26.0,51.8,24.8,0.00I,999.9,000000
725058,94793,20150119,41.6,24,34.9,24,9999.9,0,1001.2,24,9.5,24,11.5,24,20.0,29.9,51.8,37.4,0.28G,999.9,000000
725058,94793,20150120,35.7,24,20.3,24,9999.9,0,1006.1,24,10.0,24,12.2,24,17.1,27.0,37.4,33.8,0.00G,999.9,000000
725058,94793,20150121,30.0,24,12.4,24,9999.9,0,1014.1,24,10.0,24,7.9,24,13.0,21.0,35.6*,24.8*,0.00I,999.9,000000
725058,94793,20150122,34.0,24,27.2,24,9999.9,0,1017.0,24,9.1,24,5.5,24,8.0,14.0,35.6,32.0,0.02G,999.9,000000
725058,94793,20150123,31.5,24,18.1,24,9999.9,0,1019.6,24,10.0,24,8.8,24,17.1,22.0,35.6,26.6,0.00G,999.9,000000
725058,94793,20150124,35.2,24,28.7,24,9999.9,0,1000.3,24,5.6,24,11.1,24,22.9,28.9,37.4,32.0,0.23G,999.9,000000
725058,94793,20150125,36.6,24,24.7,24,9999.9,0,996.0,24,9.6,24,12.9,24,19.0,28.0,41.0*,32.0*,0.64G,999.9,000000
725058,94793,20150126,27.5,24,13.7,24,9999.9,0,1010.9,24,7.1,24,13.3,24,24.1,35.0,32.0,24.8,0.00G,999.9,000000
725058,94793,20150127,23.8,24,18.0,24,9999.9,0,995.6,24,1.5,24,23.1,24,36.9,53.0,30.2,19.4,0.00I,999.9,000000
725058,94793,20150128,18.7,24,6.3,24,9999.9,0,1005.8,24,8.5,24,11.2,24,15.9,25.1,26.6,15.8,0.01G,999.9,000000
725058,94793,20150129,25.6,24,10.8,24,9999.9,0,1019.4,24,10.0,24,5.9,24,12.0,18.1,32.0*,21.2*,0.00G,999.9,000000
725058,94793,20150130,35.1,24,28.3,24,9999.9,0,1008.1,23,8.9,24,6.8,24,14.0,25.1,39.2,32.0,0.00I,999.9,000000
725058,94793,20150131,20.1,24,4.1,24,9999.9,0,1005.5,20,10.0,24,16.8,24,22.0,32.1,32.0,14.0,0.03G,999.9,000000
725058,94793,20150201,25.2,24,10.8,24,9999.9,0,1016.0,22,10.0,24,12.0,24,18.1,28.0,33.8*,17.6*,0.00G,999.9,000000
725058,94793,20150202,30.6,24,21.9,24,9999.9,0,1003.0,24,6.0,24,10.9,24,25.1,32.1,35.6,17.6,0.01G,999.9,000000
725058,94793,20150203,17.5,24,5.8,24,9999.9,0,1010.7,24,9.3,24,13.0,24,17.1,27.0,24.8,10.4,0.67G,999.9,000000
725058,94793,20150204,30.4,24,17.4,24,9999.9,0,1020.0,24,10.0,24,9.6,24,15.9,25.1,39.2*,23.0*,0.00G,999.9,000000
725058,94793,20150205,34.6,24,24.8,24,9999.9,0,1008.6,24,10.0,24,11.5,24,20.0,31.1,39.2*,19.4*,0.00I,999.9,000000
725058,94793,20150206,16.7,24,0.0,24,9999.9,0,1015.4,24,10.0,24,11.3,24,15.9,27.0,24.8,10.4,0.00I,999.9,000000
725058,94793,20150207,27.5,24,12.7,24,9999.9,0,1015.1,24,10.0,24,9.6,24,14.0,22.0,33.8*,23.0*,0.00I,999.9,000000
725058,94793,20150208,33.6,24,26.4,24,9999.9,0,1011.3,24,9.6,24,7.3,24,14.0,20.0,35.6,26.6,0.00I,999.9,000000
725058,94793,20150209,26.8,24,22.0,24,9999.9,0,1010.3,24,8.7,24,14.3,24,20.0,33.0,33.8,23.0,0.00I,999.9,000000
725058,94793,20150210,26.4,24,20.2,24,9999.9,0,1011.0,24,9.6,24,16.0,24,18.1,28.9,32.0,23.0,0.00I,999.9,000000
725058,94793,20150211,27.6,24,18.6,24,9999.9,0,1011.6,24,10.0,24,15.2,24,21.0,33.0,30.2,24.8,0.00I,999.9,000000
725058,94793,20150212,27.6,24,20.1,24,9999.9,0,1005.8,24,9.0,24,6.4,24,15.0,22.9,35.6,19.4,0.00I,999.9,000000
725058,94793,20150213,18.1,24,1.2,24,9999.9,0,1007.5,24,10.0,24,12.8,24,18.1,29.9,32.0*,8.6*,0.00I,999.9,000000
725058,94793,20150214,20.8,24,5.5,24,9999.9,0,1010.0,24,8.9,24,9.9,24,17.1,22.9,33.8,12.2,0.00I,999.9,000000
725058,94793,20150215,22.5,24,13.7,24,9999.9,0,993.1,24,6.8,24,14.4,24,25.1,40.0,33.8*,14.0*,0.05G,999.9,000000
725058,94793,20150216,8.2,24,-7.9,24,9999.9,0,1009.7,24,9.6,24,15.9,24,21.0,35.9,17.6*,-0.4*,0.00G,999.9,000000
725058,94793,20150217,18.6,24,5.9,24,9999.9,0,1009.6,24,7.2,24,8.5,24,13.0,21.0,24.8,15.8,0.00I,999.9,000000
725058,94793,20150218,25.1,24,16.0,24,9999.9,0,1006.9,24,10.0,24,6.4,24,9.9,14.0,28.4*,21.2*,0.00I,999.9,000000
725058,94793,20150219,25.2,24,14.9,24,9999.9,0,1000.3,24,9.4,24,9.7,24,19.0,31.1,30.2,17.6,0.00I,999.9,000000
725058,94793,20150220,12.8,24,-4.6,24,9999.9,0,1010.3,24,10.0,24,15.9,24,21.0,31.1,21.2,6.8,0.00I,999.9,000000
725058,94793,20150221,23.1,24,9.1,24,9999.9,0,1026.4,24,9.7,24,8.2,24,15.9,22.0,35.6*,12.2*,0.00I,999.9,000000
725058,94793,20150222,35.1,24,31.1,24,9999.9,0,1017.3,24,6.4,24,6.4,24,19.0,22.9,39.2*,30.2*,0.73G,999.9,000000
725058,94793,20150223,27.2,24,14.4,24,9999.9,0,1017.1,24,9.0,24,8.7,24,15.9,25.1,33.8*,15.8*,0.10G,999.9,000000
725058,94793,20150224,11.4,24,-3.4,24,9999.9,0,1020.5,24,10.0,24,9.1,24,17.1,27.0,24.8*,5.0*,0.00G,999.9,000000
725058,94793,20150225,28.6,24,18.5,24,9999.9,0,1005.4,24,8.5,24,10.3,24,18.1,25.1,33.8,23.0,0.02G,999.9,000000
725058,94793,20150226,25.2,24,11.6,24,9999.9,0,1010.6,24,9.5,24,10.2,24,18.1,25.1,30.2,21.2,0.00G,999.9,000000
725058,94793,20150227,22.8,24,9.9,24,9999.9,0,1014.8,10,10.0,24,6.1,24,12.0,15.9,28.4,19.4,0.00I,999.9,000000
725058,94793,20150228,21.4,24,4.2,24,9999.9,0,9999.9,0,9.6,24,8.0,24,13.0,21.0,26.6*,14.0*,0.00I,999.9,000000
725058,94793,20150301,26.3,24,13.6,24,9999.9,0,1033.0,24,8.5,24,5.6,24,12.0,15.9,32.0*,17.6*,0.00I,999.9,000000
725058,94793,20150302,31.5,24,23.8,24,9999.9,0,1014.2,24,8.4,24,8.9,24,17.1,27.0,35.6,28.4,0.21G,999.9,000000
725058,94793,20150303,27.1,24,11.1,24,9999.9,0,1022.4,24,10.0,24,8.4,24,15.0,27.0,32.0,23.0,0.16G,999.9,000000
725058,94793,20150304,36.2,24,32.6,24,9999.9,0,1006.5,24,4.2,24,12.8,24,21.0,27.0,42.8,30.2,0.56G,999.9,000000
725058,94793,20150305,32.1,24,28.1,24,9999.9,0,1011.0,24,2.2,24,8.2,24,13.0,20.0,37.4,23.0,0.28G,999.9,000000
725058,94793,20150306,19.7,24,5.1,24,9999.9,0,1024.3,24,9.2,24,8.7,24,15.9,22.0,24.8,12.2,0.16G,999.9,000000
725058,94793,20150307,25.5,24,13.2,24,9999.9,0,1019.5,24,10.0,24,11.7,24,22.9,31.1,33.8*,19.4*,0.01G,999.9,000000
725058,94793,20150308,35.9,24,26.5,24,9999.9,0,1012.7,24,10.0,24,9.5,24,18.1,25.1,42.8,30.2,0.00G,999.9,000000
725058,94793,20150309,37.7,24,26.3,24,9999.9,0,1015.9,24,10.0,24,9.7,24,17.1,25.1,44.6,28.4,0.00I,999.9,000000
725058,94793,20150310,39.6,24,30.0,24,9999.9,0,1020.9,24,9.8,24,6.7,24,13.0,17.1,46.4*,30.2*,0.00I,999.9,000000
725058,94793,20150311,42.8,24,38.0,24,9999.9,0,1009.3,24,4.9,24,10.8,24,17.1,22.0,48.2,37.4,0.46G,999.9,000000
725058,94793,20150312,39.8,24,21.0,24,9999.9,0,1017.6,24,10.0,24,10.0,24,15.9,25.1,42.8*,35.6*,0.00G,999.9,000000
725058,94793,20150313,32.1,24,7.9,24,9999.9,0,1031.0,24,10.0,24,7.2,19,13.0,15.9,37.4,26.6,0.00I,999.9,000000
725058,94793,20150314,39.4,24,32.8,24,9999.9,0,1017.9,24,6.4,24,10.1,24,21.0,25.1,46.4*,33.8*,0.00I,999.9,000000
725058,94793,20150315,39.6,24,32.5,24,9999.9,0,1000.0,24,7.2,24,10.6,24,17.1,27.0,44.6,35.6,1.05G,999.9,000000
725058,94793,20150316,35.2,24,20.0,24,9999.9,0,1007.9,24,10.0,24,13.8,5,18.1,28.0,42.8,30.2,0.00G,999.9,000000
725058,94793,20150317,39.6,24,32.6,24,9999.9,0,999.4,24,8.0,24,12.0,6,20.0,29.9,50.0,35.6,0.03G,999.9,000000
725058,94793,20150318,31.8,24,6.3,24,9999.9,0,1006.7,24,10.0,24,16.1,19,22.0,36.9,37.4,28.4,0.04G,999.9,000000
725058,94793,20150319,28.7,24,1.5,24,9999.9,0,1017.9,24,10.0,24,999.9,0,999.9,999.9,35.6,24.8,0.00G,999.9,000000
725058,94793,20150320,30.6,24,10.3,24,9999.9,0,1022.8,24,9.2,24,7.0,5,8.9,999.9,33.8,28.4,0.00I,999.9,000000
725058,94793,20150321,31.5,24,26.8,24,9999.9,0,1012.9,24,6.3,24,9.8,6,13.0,17.1,37.4,28.4,0.01G,999.9,000000
725058,94793,20150322,35.2,24,19.0,24,9999.9,0,1009.1,24,9.7,24,12.3,15,19.0,27.0,37.4,32.0,0.14G,999.9,000000
725058,94793,20150323,26.7,24,2.7,24,9999.9,0,1016.3,19,10.0,24,12.0,24,17.1,28.0,33.8*,21.2*,0.00G,999.9,000000
725058,94793,20150324,28.6,24,10.7,24,9999.9,0,1020.8,24,10.0,24,6.7,24,11.1,17.1,33.8*,24.8*,0.00I,999.9,000000
725058,94793,20150325,34.8,24,22.6,24,9999.9,0,1024.5,24,10.0,24,6.2,24,11.1,15.9,42.8*,28.4*,0.00I,999.9,000000
725058,94793,20150326,43.5,24,40.2,24,9999.9,0,1011.7,24,3.8,24,10.7,24,18.1,26.0,48.2,37.4,0.14G,999.9,000000
725058,94793,20150327,42.9,24,39.9,24,9999.9,0,1000.6,24,6.8,24,8.4,24,21.0,33.0,53.6,39.2,0.33G,999.9,000000
725058,94793,20150328,36.5,24,33.6,24,9999.9,0,1002.8,24,7.4,24,5.4,24,13.0,17.1,39.2,33.8,0.18G,999.9,000000
725058,94793,20150329,31.4,24,20.4,24,9999.9,0,1015.2,24,7.7,24,8.5,24,14.0,21.0,39.2,24.8,0.27G,999.9,000000
725058,94793,20150330,37.3,24,28.6,24,9999.9,0,1011.0,23,10.0,24,11.6,24,17.1,22.9,42.8*,33.8*,0.04G,999.9,000000
725058,94793,20150331,39.5,24,29.1,24,9999.9,0,1004.7,23,10.0,24,10.5,4,17.1,22.0,46.4,35.6,0.00G,999.9,000000
725058,94793,20150401,37.9,24,22.1,24,9999.9,0,1010.0,19,10.0,24,9.3,18,15.9,22.0,44.6,33.8,0.03G,999.9,000000
725058,94793,20150402,40.4,24,24.0,24,9999.9,0,1018.1,24,10.0,24,9.6,24,20.0,27.0,48.2*,30.2*,0.00G,999.9,000000
725058,94793,20150403,44.5,24,39.8,24,9999.9,0,1008.1,24,6.2,24,15.4,24,19.0,26.0,46.4,42.8,0.00I,999.9,000000
725058,94793,20150404,46.7,24,37.3,24,9999.9,0,1000.2,24,5.1,24,13.3,24,19.0,28.0,51.8,42.8,0.11G,999.9,000000
725058,94793,20150405,41.4,24,24.0,24,9999.9,0,1016.3,24,10.0,24,9.0,24,19.0,27.0,50.0*,30.2*,0.00G,999.9,000000
725058,94793,20150406,41.6,24,34.6,24,9999.9,0,1021.7,24,10.0,24,4.8,24,9.9,15.9,46.4*,35.6*,0.00I,999.9,000000
725058,94793,20150407,43.7,24,38.1,24,9999.9,0,1018.6,15,9.1,24,9.1,24,14.0,21.0,50.0,39.2,0.00I,999.9,000000
725058,94793,20150408,38.9,24,33.6,24,9999.9,0,1023.9,24,10.0,24,11.0,22,20.0,24.1,42.8*,37.4*,0.08G,999.9,000000
725058,94793,20150409,37.3,24,33.2,24,9999.9,0,1021.2,24,7.7,24,999.9,0,999.9,999.9,41.0*,35.6*,0.03G,999.9,000000
725058,94793,20150410,40.7,24,38.5,24,9999.9,0,1013.6,24,1.8,24,11.5,6,15.0,22.0,50.0*,37.4*,0.00G,999.9,000000
725058,94793,20150411,48.1,24,38.5,24,9999.9,0,1006.5,24,5.9,24,999.9,0,999.9,999.9,55.4*,42.8*,0.07G,999.9,000000
725058,94793,20150412,45.2,24,29.3,24,9999.9,0,1019.2,24,10.0,24,12.6,14,20.0,24.1,53.6*,37.4*,0.00G,999.9,000000
725058,94793,20150413,43.2,8,31.5,8,9999.9,0,1022.6,8,10.0,8,11.3,7,17.1,999.9,44.6*,39.2*,0.00I,999.9,000000
725058,94793,20150416,47.8,24,27.4,24,9999.9,0,1025.7,24,10.0,24,6.7,24,12.0,999.9,53.6*,42.8*,0.00I,999.9,000000
725058,94793,20150417,48.2,24,42.4,24,9999.9,0,1016.3,24,6.0,24,13.3,24,19.0,26.0,51.8*,44.6*,0.01G,999.9,000000
725058,94793,20150418,54.5,24,44.8,24,9999.9,0,1009.5,24,8.9,24,9.6,24,19.0,26.0,66.2*,46.4*,0.12G,999.9,000000
725058,94793,20150419,47.2,24,35.8,24,9999.9,0,1017.5,24,10.0,24,7.9,24,12.0,22.0,57.2*,42.8*,0.00G,999.9,000000
725058,94793,20150420,45.0,24,40.0,24,9999.9,0,1013.9,24,8.1,24,12.5,24,24.1,35.0,51.8*,41.0*,0.00I,999.9,000000
725058,94793,20150421,52.9,24,46.9,24,9999.9,0,999.6,24,3.7,24,13.0,24,22.0,42.9,60.8*,48.2*,0.32G,999.9,000000
725058,94793,20150422,50.3,24,38.3,24,9999.9,0,1003.5,24,10.0,24,10.3,24,17.1,26.0,57.2*,42.8*,0.01G,999.9,000000
725058,94793,20150423,45.5,24,34.0,24,9999.9,0,1000.3,24,9.9,24,10.8,24,17.1,25.1,48.2*,41.0*,0.01G,999.9,000000
725058,94793,20150424,42.0,24,24.6,24,9999.9,0,1003.6,24,10.0,24,10.6,24,15.9,24.1,48.2*,37.4*,0.00G,999.9,000000
725058,94793,20150425,42.2,24,24.3,24,9999.9,0,1005.0,24,10.0,24,11.7,24,19.0,22.9,51.8*,37.4*,0.00I,999.9,000000
725058,94793,20150426,46.0,24,33.6,24,9999.9,0,1001.1,24,10.0,24,6.4,24,14.0,19.0,53.6*,37.4*,0.00I,999.9,000000
725058,94793,20150427,50.4,24,34.5,24,9999.9,0,998.7,24,10.0,24,7.9,24,15.0,20.0,57.2*,46.4*,0.00I,999.9,000000
725058,94793,20150428,47.4,24,36.6,24,9999.9,0,1001.3,24,9.8,24,9.7,24,17.1,22.9,51.8*,42.8*,0.02G,999.9,000000
725058,94793,20150429,51.7,24,37.3,24,9999.9,0,1000.9,23,10.0,24,10.0,24,15.9,24.1,62.6*,44.6*,0.00G,999.9,000000
725058,94793,20150430,47.8,24,38.3,24,9999.9,0,1005.5,22,10.0,24,6.9,24,12.0,999.9,53.6*,42.8*,0.00I,999.9,000000
725058,94793,20150501,46.0,24,38.2,24,9999.9,0,1010.8,19,10.0,24,7.4,24,13.0,17.1,48.2*,42.8*,0.00I,999.9,000000
725058,94793,20150502,44.4,24,36.9,24,9999.9,0,1011.7,24,10.0,24,6.8,24,12.0,14.0,51.8*,41.0*,0.00I,999.9,000000
725058,94793,20150503,48.4,24,39.1,24,9999.9,0,1014.5,24,10.0,24,9.0,24,18.1,22.0,55.4*,42.8*,0.00I,999.9,000000
725058,94793,20150504,53.3,24,45.0,24,9999.9,0,1018.7,24,9.3,24,11.8,24,19.0,24.1,62.6*,46.4*,0.00I,999.9,000000
725058,94793,20150505,57.9,24,47.0,24,9999.9,0,1018.4,24,10.0,24,11.3,24,18.1,25.1,71.6*,51.8*,0.00I,999.9,000000
725058,94793,20150506,55.3,24,44.5,24,9999.9,0,1020.0,24,10.0,24,6.6,24,12.0,15.0,62.6,50.0,0.00I,999.9,000000
725058,94793,20150507,58.4,24,40.0,24,9999.9,0,1019.1,24,10.0,24,6.8,24,14.0,999.9,69.8*,48.2*,0.00I,999.9,000000
725058,94793,20150508,54.3,24,47.5,24,9999.9,0,1017.4,24,6.1,24,10.5,24,18.1,22.0,62.6,48.2,0.00I,999.9,000000
725058,94793,20150509,51.6,24,49.1,24,9999.9,0,1022.2,24,1.5,24,7.0,24,9.9,999.9,59.0*,48.2*,0.00I,999.9,000000
725058,94793,20150510,57.8,24,54.5,24,9999.9,0,1019.7,24,1.1,24,7.5,24,19.0,26.0,66.2*,53.6*,0.00I,999.9,000000
725058,94793,20150511,59.5,24,56.7,24,9999.9,0,1017.0,24,1.4,24,12.9,24,19.0,24.1,64.4*,55.4*,0.00I,999.9,000000
725058,94793,20150512,61.0,24,57.6,24,9999.9,0,1008.5,24,1.1,24,11.7,24,20.0,28.0,66.2*,57.2*,0.00I,999.9,000000
725058,94793,20150513,58.9,24,45.0,24,9999.9,0,1009.1,24,9.3,24,10.4,24,18.1,25.1,66.2*,51.8*,0.00I,999.9,000000
725058,94793,20150514,54.7,24,38.2,24,9999.9,0,1021.6,24,10.0,24,6.5,24,15.9,19.0,64.4*,46.4*,0.00I,999.9,000000
725058,94793,20150515,55.0,24,41.7,24,9999.9,0,1022.0,24,10.0,24,9.5,24,15.0,20.0,62.6*,48.2*,0.00I,999.9,000000
725058,94793,20150516,56.1,24,48.8,24,9999.9,0,1019.2,24,10.0,24,9.7,24,12.0,14.0,62.6,53.6,0.00I,999.9,000000
725058,94793,20150517,63.3,24,56.0,24,9999.9,0,1016.5,24,9.5,24,8.4,24,15.0,19.0,78.8*,55.4*,0.02G,999.9,000000
725058,94793,20150518,56.7,24,50.9,24,9999.9,0,1018.3,24,7.6,24,9.1,24,14.0,20.0,64.4,51.8,0.00G,999.9,000000
725058,94793,20150519,53.8,24,50.8,24,9999.9,0,1012.4,24,3.4,24,6.8,24,12.0,15.0,60.8,50.0,0.01G,999.9,000000
725058,94793,20150520,56.7,24,46.2,24,9999.9,0,1005.2,24,7.8,24,9.2,24,13.0,24.1,60.8,51.8,0.17G,999.9,000000
725058,94793,20150521,52.6,24,38.8,24,9999.9,0,1010.8,24,10.0,24,7.1,24,12.0,18.1,59.0*,46.4*,0.00G,999.9,000000
725058,94793,20150522,55.3,24,46.0,24,9999.9,0,1008.1,24,9.7,24,8.8,24,20.0,25.1,66.2,48.2,0.23G,999.9,000000
725058,94793,20150523,53.8,24,31.8,24,9999.9,0,1020.0,24,10.0,24,10.2,24,15.9,22.0,59.0*,48.2*,0.00G,999.9,000000
725058,94793,20150524,55.1,24,45.4,24,9999.9,0,1022.9,24,10.0,24,14.2,24,22.0,28.0,60.8*,50.0*,0.00I,999.9,000000
725058,94793,20150525,58.0,24,50.4,24,9999.9,0,1021.4,24,10.0,24,13.0,24,15.9,21.0,64.4*,53.6*,0.00I,999.9,000000
725058,94793,20150526,60.1,24,53.5,24,9999.9,0,1019.7,24,10.0,24,15.4,24,21.0,27.0,64.4*,55.4*,0.00I,999.9,000000
725058,94793,20150527,60.5,24,54.9,24,9999.9,0,1019.2,24,10.0,24,13.7,24,19.0,24.1,64.4,57.2,0.00I,999.9,000000
725058,94793,20150528,60.9,24,55.7,24,9999.9,0,1018.4,24,9.7,24,13.4,24,19.0,24.1,64.4,57.2,0.02G,999.9,000000
725058,94793,20150529,63.8,24,55.9,24,9999.9,0,1020.7,24,9.4,24,7.3,24,14.0,999.9,71.6,57.2,0.01G,999.9,000000
725058,94793,20150530,61.9,24,57.6,24,9999.9,0,1019.8,23,4.5,24,8.3,24,17.1,22.9,69.8*,55.4*,0.00G,999.9,000000
725058,94793,20150531,64.4,24,59.4,24,9999.9,0,1015.5,22,9.0,24,13.4,24,17.1,25.1,69.8,53.6,0.00I,999.9,000000
725058,94793,20150601,52.1,24,47.5,24,9999.9,0,1017.8,19,7.6,24,11.6,24,14.0,22.9,53.6,50.0,0.00I,999.9,000000
725058,94793,20150602,49.8,24,45.2,24,9999.9,0,1016.6,24,9.4,24,11.8,24,15.9,24.1,51.8,48.2,0.50G,999.9,000000
725058,94793,20150603,51.4,24,44.9,24,9999.9,0,1019.0,24,10.0,24,8.9,24,13.0,19.0,57.2,48.2,0.18G,999.9,000000
725058,94793,20150604,53.6,24,45.0,24,9999.9,0,1021.6,24,10.0,24,8.4,24,13.0,17.1,57.2*,50.0*,0.00G,999.9,000000
725058,94793,20150605,53.7,24,46.4,24,9999.9,0,1016.9,24,10.0,24,7.3,24,11.1,14.0,57.2*,51.8*,0.00I,999.9,000000
725058,94793,20150606,58.6,24,52.9,24,9999.9,0,1008.9,24,7.6,24,5.2,24,12.0,18.1,66.2,55.4,0.00I,999.9,000000
725058,94793,20150607,58.0,24,46.6,24,9999.9,0,1016.9,24,10.0,24,6.0,24,9.9,999.9,64.4*,51.8*,0.00I,999.9,000000
725058,94793,20150608,60.4,24,52.9,24,9999.9,0,1014.2,24,10.0,24,10.4,24,17.1,22.0,66.2*,55.4*,0.00I,999.9,000000
725058,94793,20150609,63.0,24,57.4,24,9999.9,0,1004.7,24,8.0,24,13.6,24,17.1,24.1,66.2,60.8,0.03G,999.9,000000
725058,94793,20150610,64.8,24,55.7,24,9999.9,0,1005.7,18,9.0,24,9.5,24,15.9,19.0,73.4*,57.2*,0.00G,999.9,000000
725058,94793,20150611,65.1,24,57.1,24,9999.9,0,1008.2,24,10.0,24,15.4,24,20.0,28.0,71.6*,60.8*,0.00I,999.9,000000
725058,94793,20150612,68.8,24,60.5,24,9999.9,0,1010.6,24,8.7,24,7.5,24,17.1,21.0,77.0,62.6,0.00I,999.9,000000
725058,94793,20150613,68.2,24,61.0,24,9999.9,0,1008.0,24,7.6,24,9.8,24,17.1,22.0,77.0,62.6,0.00I,999.9,000000
725058,94793,20150614,67.6,24,56.7,24,9999.9,0,1013.5,24,10.0,24,8.0,24,12.0,999.9,78.8*,62.6*,0.00I,999.9,000000
725058,94793,20150615,61.5,24,55.8,24,9999.9,0,1014.0,24,7.8,24,10.0,24,15.0,21.0,62.6,59.0,0.22G,999.9,000000
725058,94793,20150616,62.3,24,58.8,24,9999.9,0,1009.2,24,3.9,24,6.3,24,13.0,15.9,69.8,59.0,0.49G,999.9,000000
725058,94793,20150617,64.6,20,54.4,20,9999.9,0,1013.9,20,8.8,20,8.7,20,12.0,18.1,69.8*,60.8*,0.00G,999.9,000000
725058,94793,20150618,60.6,24,48.3,24,9999.9,0,1015.8,24,10.0,24,5.3,24,11.1,999.9,66.2*,53.6*,0.00I,999.9,000000
725058,94793,20150619,67.6,24,59.6,24,9999.9,0,1009.4,24,10.0,24,8.1,24,13.0,15.0,78.8,62.6,0.00I,999.9,000000
725058,94793,20150620,65.2,24,57.9,24,9999.9,0,1014.4,24,10.0,24,7.0,24,13.0,18.1,71.6,62.6,0.00I,999.9,000000
725058,94793,20150621,68.8,24,65.4,24,9999.9,0,1005.7,24,8.6,24,10.2,24,15.0,21.0,77.0,62.6,0.49G,999.9,000000
725058,94793,20150622,71.7,24,63.2,24,9999.9,0,1007.1,24,10.0,24,10.5,24,14.0,20.0,80.6,64.4,0.03G,999.9,000000
725058,94793,20150623,70.5,24,63.3,24,9999.9,0,1009.4,24,8.8,24,12.2,24,20.0,26.0,75.2*,66.2*,0.00G,999.9,000000
725058,94793,20150624,69.9,24,61.3,24,9999.9,0,1008.6,24,9.4,24,8.2,24,28.9,41.0,78.8,62.6,0.43G,999.9,010010
725058,94793,20150625,69.0,24,55.9,24,9999.9,0,1012.4,24,10.0,24,6.8,24,14.0,17.1,77.0*,60.8*,0.00G,999.9,000000
725058,94793,20150626,67.6,24,56.9,24,9999.9,0,1011.3,24,10.0,24,7.1,24,13.0,20.0,77.0,60.8,99.99,999.9,010010
725058,94793,20150627,62.8,24,54.4,24,9999.9,0,1016.1,24,10.0,24,5.7,24,13.0,20.0,66.2*,55.4*,0.00I,999.9,000000
725058,94793,20150628,64.0,24,60.2,24,9999.9,0,1004.7,24,7.5,24,10.6,24,22.9,34.0,69.8,55.4,0.44G,999.9,000000
725058,94793,20150629,64.2,24,57.5,24,9999.9,0,1006.4,22,9.4,24,7.5,24,15.0,22.0,71.6,57.2,0.02G,999.9,000000
725058,94793,20150630,68.9,24,61.8,24,9999.9,0,1011.5,22,10.0,24,9.3,24,13.0,999.9,75.2*,64.4*,0.00G,999.9,000000
725058,94793,20150701,69.1,24,64.0,24,9999.9,0,1005.9,20,9.4,24,11.7,24,22.9,29.9,73.4,66.2,0.83G,999.9,010010
725058,94793,20150702,69.8,24,60.7,24,9999.9,0,1007.7,24,9.8,24,6.1,24,14.0,19.0,75.2*,62.6*,0.02G,999.9,000000
725058,94793,20150703,67.8,24,57.7,24,9999.9,0,1009.3,24,10.0,24,5.3,24,9.9,999.9,75.2,62.6,0.05G,999.9,000000
725058,94793,20150704,66.2,24,58.8,24,9999.9,0,1011.3,24,10.0,24,5.6,24,9.9,999.9,73.4,62.6,0.00G,999.9,000000
725058,94793,20150705,67.5,24,58.2,24,9999.9,0,1014.0,24,10.0,24,7.7,24,15.9,21.0,75.2,60.8,0.00I,999.9,000000
725058,94793,20150706,70.0,24,63.2,24,9999.9,0,1017.5,24,10.0,24,7.7,24,13.0,18.1,78.8,60.8,0.00I,999.9,000000
725058,94793,20150707,72.8,24,68.5,24,9999.9,0,1015.2,24,9.4,24,8.1,24,15.0,19.0,78.8,64.4,0.00I,999.9,000000
725058,94793,20150708,73.5,24,69.3,24,9999.9,0,1010.4,24,6.2,24,12.3,24,15.9,21.0,82.4*,69.8*,0.00I,999.9,000000
725058,94793,20150709,70.0,24,66.3,24,9999.9,0,1011.0,24,9.2,24,7.3,24,12.0,19.0,73.4,66.2,0.02G,999.9,000000
725058,94793,20150710,69.4,24,66.0,24,9999.9,0,1008.0,24,9.1,24,6.9,24,13.0,18.1,77.0,64.4,0.00G,999.9,000000
725058,94793,20150711,73.0,24,61.9,24,9999.9,0,1012.7,24,10.0,24,6.2,24,12.0,15.9,84.2,64.4,0.00I,999.9,000000
725058,94793,20150712,73.8,24,63.9,24,9999.9,0,1012.9,24,10.0,24,9.7,24,15.9,20.0,84.2,66.2,0.00I,999.9,000000
725058,94793,20150713,74.0,24,66.9,24,9999.9,0,1010.1,24,9.8,24,8.0,24,13.0,999.9,82.4,66.2,0.00I,999.9,000000
725058,94793,20150714,73.1,24,70.4,24,9999.9,0,1004.3,24,9.5,24,7.0,24,9.9,999.9,80.6,69.8,0.05G,999.9,000000
725058,94793,20150715,74.0,24,72.6,24,9999.9,0,999.7,24,8.1,24,3.5,24,8.9,999.9,80.6,69.8,0.09G,999.9,000000
725058,94793,20150716,67.6,24,59.8,24,9999.9,0,1010.0,24,9.1,24,9.9,24,15.9,24.1,80.6,64.4,0.72G,999.9,010010
725058,94793,20150717,67.3,24,60.8,24,9999.9,0,1015.4,24,10.0,24,6.6,24,12.0,15.0,75.2,59.0,0.00G,999.9,000000
725058,94793,20150718,71.1,24,64.6,24,9999.9,0,1012.7,24,10.0,24,9.0,24,15.0,19.0,77.0,59.0,0.00I,999.9,000000
725058,94793,20150719,73.7,24,71.6,24,9999.9,0,1007.6,24,7.3,24,10.6,24,15.0,21.0,80.6,68.0,0.00I,999.9,000000
725058,94793,20150720,78.1,24,72.4,24,9999.9,0,1002.5,24,7.8,24,9.9,24,15.9,19.0,89.6,69.8,0.00I,999.9,000000
725058,94793,20150721,76.3,24,70.7,24,9999.9,0,1000.2,24,9.6,24,6.2,24,13.0,18.1,89.6,71.6,0.00I,999.9,000000
725058,94793,20150722,73.7,24,62.8,24,9999.9,0,1000.6,24,9.9,24,8.5,24,15.0,19.0,82.4,66.2,0.00I,999.9,000000
725058,94793,20150723,71.8,24,58.6,24,9999.9,0,1007.4,24,10.0,24,8.7,24,15.9,22.0,80.6,64.4,0.00I,999.9,000000
725058,94793,20150724,71.4,24,60.4,24,9999.9,0,1009.0,24,10.0,24,6.6,24,11.1,14.0,80.6*,64.4*,0.00I,999.9,000000
725058,94793,20150725,68.3,24,63.1,24,9999.9,0,1011.6,24,9.9,24,5.9,24,9.9,999.9,73.4,62.6,0.01G,999.9,000000
725058,94793,20150726,70.4,24,67.3,24,9999.9,0,1013.0,24,10.0,24,8.1,24,13.0,18.1,77.0,62.6,0.00G,999.9,000000
725058,94793,20150727,73.0,24,70.5,24,9999.9,0,1013.1,24,10.0,24,7.6,24,9.9,14.0,78.8,66.2,0.00I,999.9,000000
725058,94793,20150728,75.1,24,71.8,24,9999.9,0,1012.1,24,8.6,24,9.1,24,15.9,21.0,82.4,71.6,0.00I,999.9,000000
725058,94793,20150729,77.4,24,70.7,24,9999.9,0,1011.0,24,9.8,24,7.2,24,15.0,20.0,86.0*,71.6*,0.00I,999.9,000000
725058,94793,20150730,75.5,24,72.7,24,9999.9,0,1009.3,23,8.3,24,13.1,24,17.1,22.9,86.0,71.6,0.00I,999.9,000000
725058,94793,20150731,75.9,24,69.3,24,9999.9,0,1006.4,23,7.4,24,8.9,24,15.0,20.0,84.2,69.8,0.03G,999.9,000000
725058,94793,20150801,75.0,24,66.9,24,9999.9,0,1005.0,19,10.0,24,10.1,24,17.1,22.0,84.2,68.0,0.00G,999.9,000000
725058,94793,20150802,75.1,24,62.5,24,9999.9,0,1008.3,24,10.0,24,6.4,24,11.1,15.9,84.2,66.2,0.00I,999.9,000000
725058,94793,20150803,76.0,24,72.4,24,9999.9,0,1008.0,24,9.5,24,10.1,24,15.0,20.0,84.2,66.2,0.00I,999.9,000000
725058,94793,20150804,75.3,24,72.2,24,9999.9,0,1007.2,24,8.1,24,11.8,24,20.0,28.9,82.4,69.8,99.99,999.9,010010
725058,94793,20150805,74.3,24,64.8,24,9999.9,0,1008.1,24,9.3,24,6.0,24,14.0,19.0,82.4,62.6,0.00I,999.9,000000
725058,94793,20150806,70.9,24,58.4,24,9999.9,0,1009.7,24,10.0,24,7.5,24,13.0,17.1,82.4,62.6,0.00I,999.9,000000
725058,94793,20150807,70.1,24,61.8,24,9999.9,0,1009.7,24,10.0,24,6.7,24,11.1,15.0,77.0,64.4,0.00I,999.9,000000
725058,94793,20150808,69.5,24,60.8,24,9999.9,0,1010.7,24,10.0,24,7.4,24,11.1,17.1,77.0,64.4,0.00I,999.9,000000
725058,94793,20150809,67.9,24,61.5,24,9999.9,0,1011.8,24,9.7,24,8.8,24,15.0,22.0,77.0,62.6,0.00I,999.9,000000
725058,94793,20150810,67.6,24,59.9,24,9999.9,0,1014.3,24,10.0,24,5.7,24,11.1,999.9,73.4,59.0,0.00I,999.9,000000
725058,94793,20150811,69.7,24,67.3,24,9999.9,0,1009.6,24,8.1,24,9.9,23,18.1,21.0,73.4,59.0,0.00I,999.9,000000
725058,94793,20150812,72.6,24,67.2,24,9999.9,0,1005.2,24,8.6,24,9.0,24,14.0,19.0,80.6*,68.0*,2.21G,999.9,000000
725058,94793,20150813,71.9,24,63.6,24,9999.9,0,1011.0,24,10.0,24,7.1,24,12.0,15.9,78.8,64.4,0.00G,999.9,000000
725058,94793,20150814,72.7,24,64.4,24,9999.9,0,1016.4,24,10.0,24,6.3,24,11.1,999.9,80.6,64.4,0.00I,999.9,000000
725058,94793,20150815,74.1,24,67.2,24,9999.9,0,1016.1,24,10.0,24,9.2,24,14.0,18.1,80.6,64.4,0.00I,999.9,000000
725058,94793,20150816,75.0,24,69.0,24,9999.9,0,1015.5,24,10.0,24,7.9,24,13.0,999.9,82.4,68.0,0.00I,999.9,000000
725058,94793,20150817,75.6,24,70.8,24,9999.9,0,1014.7,24,9.9,24,8.5,24,13.0,15.0,82.4,69.8,0.00I,999.9,000000
725058,94793,20150818,75.4,24,71.7,24,9999.9,0,1013.5,24,10.0,24,11.6,24,14.0,19.0,82.4,69.8,0.00I,999.9,000000
725058,94793,20150819,76.0,24,72.3,24,9999.9,0,1014.6,24,8.8,24,7.1,24,11.1,999.9,82.4,71.6,0.00I,999.9,000000
725058,94793,20150820,74.9,24,73.1,24,9999.9,0,1014.6,24,9.9,24,8.2,24,14.0,18.1,78.8*,71.6*,0.00I,999.9,000000
725058,94793,20150821,76.3,24,74.0,24,9999.9,0,1012.6,24,8.0,24,6.6,24,11.1,999.9,82.4,71.6,0.00I,999.9,000000
725058,94793,20150822,73.9,24,71.6,24,9999.9,0,1013.6,24,9.7,24,6.4,24,9.9,15.0,78.8,71.6,0.00I,999.9,000000
725058,94793,20150823,72.5,24,70.0,24,9999.9,0,1012.3,24,9.7,24,6.8,24,9.9,15.0,78.8,69.8,0.00I,999.9,000000
725058,94793,20150824,73.3,23,71.1,23,9999.9,0,1009.4,23,9.8,23,5.9,23,9.9,999.9,78.8,71.6,0.00I,999.9,000000
725058,94793,20150825,75.1,24,71.5,24,9999.9,0,1008.3,24,7.6,24,5.2,24,12.0,999.9,82.4*,69.8*,0.00I,999.9,000000
725058,94793,20150826,74.7,24,68.5,24,9999.9,0,1008.6,24,8.3,24,8.1,24,14.0,19.0,82.4,69.8,0.39G,999.9,010010
725058,94793,20150827,70.8,24,60.1,24,9999.9,0,1011.9,24,10.0,24,6.9,24,14.0,17.1,77.0*,64.4*,0.00G,999.9,000000
725058,94793,20150828,69.3,24,59.7,24,9999.9,0,1016.0,24,10.0,24,5.7,24,9.9,999.9,75.2*,62.6*,0.00I,999.9,000000
725058,94793,20150829,71.1,24,63.2,24,9999.9,0,1018.1,24,10.0,24,6.5,24,12.0,15.0,78.8*,64.4*,0.00I,999.9,000000
725058,94793,20150830,73.4,24,67.3,24,9999.9,0,1015.3,23,10.0,24,9.6,24,15.0,19.0,78.8*,69.8*,0.00I,999.9,000000
725058,94793,20150831,74.8,24,70.5,24,9999.9,0,1012.1,23,9.8,24,10.0,24,15.0,21.0,82.4*,71.6*,0.00I,999.9,000000
725058,94793,20150901,73.9,24,67.0,24,9999.9,0,1013.0,19,10.0,24,7.1,24,14.0,18.1,78.8*,69.8*,0.00I,999.9,000000
725058,94793,20150902,73.0,24,68.0,24,9999.9,0,1012.6,24,9.1,24,8.3,24,15.0,19.0,80.6,66.2,0.00I,999.9,000000
725058,94793,20150903,74.7,24,70.9,24,9999.9,0,1007.8,24,9.1,24,8.3,24,12.0,999.9,82.4,69.8,0.00I,999.9,000000
725058,94793,20150904,71.9,24,68.4,24,9999.9,0,1012.5,24,6.0,24,7.6,24,14.0,21.0,75.2*,68.0*,0.00I,999.9,000000
725058,94793,20150905,67.0,24,59.4,24,9999.9,0,1020.2,24,10.0,24,7.6,24,12.0,19.0,73.4,62.6,0.00I,999.9,000000
725058,94793,20150906,66.5,24,59.5,24,9999.9,0,1019.4,24,10.0,24,4.0,24,12.0,15.0,73.4*,57.2*,0.00I,999.9,000000
725058,94793,20150907,71.2,24,67.2,24,9999.9,0,1015.5,24,10.0,24,10.4,24,18.1,22.9,78.8*,64.4*,0.00I,999.9,000000
725058,94793,20150908,74.7,24,70.4,24,9999.9,0,1012.2,24,9.5,24,12.8,24,18.1,22.9,82.4,71.6,0.00I,999.9,000000
725058,94793,20150909,75.4,24,72.7,24,9999.9,0,1010.5,24,9.8,24,11.6,24,15.0,19.0,80.6,71.6,0.00I,999.9,000000
725058,94793,20150910,73.0,24,72.3,24,9999.9,0,1006.9,24,5.8,24,7.0,24,12.0,15.9,75.2,69.8,1.95B,999.9,010010
725058,94793,20150911,67.6,24,65.2,24,9999.9,0,1002.7,24,8.5,24,7.9,24,13.0,21.0,75.2,64.4,0.00I,999.9,000000
725058,94793,20150912,67.6,24,64.3,24,9999.9,0,1006.4,24,10.0,24,5.4,24,12.0,15.9,73.4*,62.6*,0.00I,999.9,000000
725058,94793,20150913,67.9,24,65.7,24,9999.9,0,1003.0,24,10.0,24,8.9,24,14.0,21.0,73.4,60.8,0.23G,999.9,000000
725058,94793,20150914,66.3,24,57.0,24,9999.9,0,1008.1,24,10.0,24,11.4,24,17.1,22.9,73.4,60.8,0.00G,999.9,000000
725058,94793,20150915,68.6,24,56.3,24,9999.9,0,1019.0,24,10.0,24,8.4,24,14.0,18.1,77.0*,62.6*,0.00I,999.9,000000
725058,94793,20150916,69.7,24,62.1,24,9999.9,0,1021.8,24,10.0,24,6.0,24,8.9,999.9,77.0*,64.4*,0.00I,999.9,000000
725058,94793,20150917,70.2,24,65.4,24,9999.9,0,1018.0,24,10.0,24,6.9,24,12.0,15.9,77.0*,64.4*,0.00I,999.9,000000
725058,94793,20150918,71.0,24,67.3,24,9999.9,0,1014.0,24,6.9,24,7.3,24,11.1,999.9,78.8*,66.2*,0.00I,999.9,000000
725058,94793,20150919,70.3,24,65.2,24,9999.9,0,1011.8,24,9.2,24,4.7,24,8.9,999.9,77.0*,62.6*,0.00I,999.9,000000
725058,94793,20150920,71.2,24,66.1,24,9999.9,0,1009.7,24,10.0,24,7.5,24,11.1,18.1,75.2*,66.2*,0.00I,999.9,000000
725058,94793,20150921,63.0,24,50.7,24,9999.9,0,1016.9,24,10.0,24,11.6,24,15.0,24.1,68.0,59.0,0.00I,999.9,000000
725058,94793,20150922,63.5,24,54.1,24,9999.9,0,1020.8,24,10.0,24,11.0,24,15.0,22.0,69.8,59.0,0.00I,999.9,000000
725058,94793,20150923,62.4,24,55.8,24,9999.9,0,1020.0,24,10.0,24,7.6,24,11.1,15.9,66.2*,59.0*,0.00I,999.9,000000
725058,94793,20150924,63.3,24,57.4,24,9999.9,0,1020.6,24,10.0,24,5.0,24,12.0,15.0,73.4*,55.4*,0.00I,999.9,000000
725058,94793,20150925,63.8,24,54.9,24,9999.9,0,1024.3,24,10.0,24,8.4,24,11.1,17.1,68.0,60.8,0.00I,999.9,000000
725058,94793,20150926,61.6,24,49.6,24,9999.9,0,1026.2,24,10.0,24,9.9,24,14.0,20.0,64.4,59.0,0.00I,999.9,000000
725058,94793,20150927,60.0,24,52.4,24,9999.9,0,1027.3,24,10.0,24,7.6,24,11.1,18.1,66.2*,53.6*,0.00I,999.9,000000
725058,94793,20150928,66.7,24,62.9,24,9999.9,0,1021.5,24,9.8,24,4.6,24,8.9,999.9,75.2*,60.8*,0.01G,999.9,000000
725058,94793,20150929,71.0,24,69.1,24,9999.9,0,1016.0,23,9.1,24,7.2,24,13.0,17.1,75.2*,68.0*,0.00G,999.9,000000
725058,94793,20150930,71.1,24,70.7,24,9999.9,0,1006.3,22,5.4,24,12.9,24,20.0,28.9,75.2,64.4,0.70G,999.9,000000
725058,94793,20151001,59.0,24,54.2,24,9999.9,0,1013.3,19,10.0,24,14.1,24,19.0,28.9,71.6,55.4,1.08G,999.9,000000
725058,94793,20151002,52.9,24,50.7,24,9999.9,0,1017.2,24,6.6,24,19.4,24,25.1,36.9,62.6,51.8,0.33G,999.9,000000
725058,94793,20151003,53.7,21,49.3,21,9999.9,0,1021.6,21,9.1,21,18.8,21,22.0,35.0,55.4*,51.8*,1.24G,999.9,000000
725058,94793,20151004,55.5,24,45.9,24,9999.9,0,1022.8,24,10.0,24,17.9,24,22.9,31.1,57.2,53.6,0.00G,999.9,000000
725058,94793,20151005,56.2,24,50.7,24,9999.9,0,1017.8,24,10.0,24,12.1,24,15.0,24.1,60.8,53.6,0.00I,999.9,000000
725058,94793,20151006,56.9,24,48.9,24,9999.9,0,1012.7,24,10.0,24,5.8,24,11.1,15.9,64.4*,51.8*,0.00I,999.9,000000
725058,94793,20151007,59.2,24,52.2,24,9999.9,0,1010.3,24,10.0,24,6.6,24,11.1,999.9,66.2*,53.6*,0.00I,999.9,000000
725058,94793,20151008,59.9,24,50.5,24,9999.9,0,1014.5,24,10.0,24,6.4,24,9.9,15.0,62.6*,55.4*,0.00I,999.9,000000
725058,94793,20151009,62.7,24,57.2,24,9999.9,0,1012.0,24,10.0,24,10.2,24,18.1,27.0,69.8*,57.2*,0.19A,999.9,010010
725058,94793,20151010,57.3,24,47.9,24,9999.9,0,1011.0,24,9.5,24,9.0,24,15.9,26.0,64.4,50.0,0.00I,999.9,000000
725058,94793,20151011,56.9,24,44.7,24,9999.9,0,1011.9,24,10.0,24,8.3,24,15.0,19.0,64.4*,50.0*,0.00I,999.9,000000
725058,94793,20151012,62.2,24,55.2,24,9999.9,0,1007.1,24,10.0,24,10.4,24,13.0,17.1,66.2*,59.0*,0.00I,999.9,000000
725058,94793,20151013,64.2,24,61.7,24,9999.9,0,1000.0,24,8.1,24,7.4,24,15.0,20.0,69.8*,59.0*,0.23G,999.9,000000
725058,94793,20151014,63.2,24,56.0,24,9999.9,0,1000.4,24,10.0,24,10.8,24,15.9,22.0,66.2,59.0,0.11G,999.9,000000
725058,94793,20151015,55.3,24,40.9,24,9999.9,0,1008.7,24,10.0,24,8.6,24,14.0,20.0,60.8*,48.2*,0.00G,999.9,000000
725058,94793,20151016,59.5,24,45.4,24,9999.9,0,1009.6,24,10.0,24,10.7,24,26.0,40.0,62.6,55.4,0.48A,999.9,010010
725058,94793,20151017,51.9,24,37.5,24,9999.9,0,1012.1,24,10.0,24,7.2,24,13.0,21.0,55.4,46.4,0.00I,999.9,000000
725058,94793,20151018,42.3,24,25.3,24,9999.9,0,1017.9,24,10.0,24,10.1,24,15.0,25.1,55.4,37.4,0.00I,999.9,000000
725058,94793,20151019,40.2,24,21.8,24,9999.9,0,1024.5,24,10.0,24,8.8,24,15.0,20.0,46.4*,35.6*,0.00I,999.9,000000
725058,94793,20151020,55.7,24,42.0,24,9999.9,0,1019.2,24,10.0,24,17.9,24,25.1,31.1,62.6*,46.4*,0.00I,999.9,000000
725058,94793,20151021,62.1,24,52.8,24,9999.9,0,1020.6,24,10.0,24,7.5,24,14.0,19.0,69.8*,57.2*,0.00I,999.9,000000
725058,94793,20151022,61.6,24,56.8,24,9999.9,0,1019.0,24,10.0,24,11.1,24,19.0,25.1,66.2*,59.0*,0.00I,999.9,000000
725058,94793,20151023,55.7,24,41.2,24,9999.9,0,1015.8,24,10.0,24,11.5,24,17.1,22.9,64.4*,46.4*,0.00I,999.9,000000
725058,94793,20151024,46.7,24,37.5,24,9999.9,0,1023.8,24,10.0,24,7.6,24,12.0,17.1,51.8,42.8,0.00I,999.9,000000
725058,94793,20151025,57.1,24,50.5,24,9999.9,0,1016.4,24,10.0,24,9.5,24,15.0,22.0,60.8*,51.8*,0.00I,999.9,000000
725058,94793,20151026,50.6,24,37.2,24,9999.9,0,1022.1,24,10.0,24,9.4,24,15.9,24.1,57.2*,44.6*,0.00I,999.9,000000
725058,94793,20151027,48.3,24,37.9,24,9999.9,0,1029.7,24,10.0,24,3.9,24,7.0,999.9,55.4*,41.0*,0.00I,999.9,000000
725058,94793,20151028,54.4,24,48.8,24,9999.9,0,1024.3,24,9.1,24,12.5,24,22.9,32.1,62.6*,50.0*,0.00I,999.9,000000
725058,94793,20151029,64.5,24,62.4,24,9999.9,0,1000.7,24,6.7,24,17.2,24,24.1,32.1,66.2,51.8,1.15G,999.9,000000
725058,94793,20151030,57.6,24,38.1,24,9999.9,0,1004.7,24,10.0,24,12.2,24,21.0,28.0,62.6,51.8,0.01G,999.9,000000
725058,94793,20151031,47.8,24,32.6,24,9999.9,0,1016.5,22,10.0,24,7.5,24,13.0,21.0,51.8*,42.8*,0.00G,999.9,000000
725058,94793,20151101,57.1,24,48.7,24,9999.9,0,1010.2,19,10.0,24,11.2,24,19.0,26.0,62.6*,51.8*,0.00I,999.9,000000
725058,94793,20151102,58.3,24,50.2,24,9999.9,0,1012.3,24,10.0,24,7.0,24,14.0,18.1,60.8*,53.6*,0.00I,999.9,000000
725058,94793,20151103,55.9,24,48.9,24,9999.9,0,1016.7,24,10.0,24,7.0,24,15.9,19.0,64.4*,46.4*,0.00I,999.9,000000
725058,94793,20151104,57.2,24,50.5,24,9999.9,0,1022.4,24,10.0,24,6.4,24,9.9,999.9,60.8*,55.4*,0.00I,999.9,000000
725058,94793,20151105,59.8,24,58.6,24,9999.9,0,1021.9,24,8.8,24,7.2,24,11.1,15.9,66.2*,55.4*,0.00I,999.9,000000
725058,94793,20151106,62.7,24,62.1,24,9999.9,0,1013.5,24,3.8,24,12.2,24,22.0,28.0,66.2,57.2,0.18G,999.9,000000
725058,94793,20151107,60.7,24,53.8,24,9999.9,0,1009.7,24,8.2,24,9.7,24,18.1,24.1,62.6*,55.4*,0.12G,999.9,000000
725058,94793,20151108,52.1,24,34.8,24,9999.9,0,1018.5,24,10.0,24,9.9,24,15.0,24.1,55.4*,46.4*,0.00G,999.9,000000
725058,94793,20151109,51.4,24,36.3,24,9999.9,0,1025.9,24,10.0,24,6.0,24,12.0,15.9,57.2*,42.8*,0.00I,999.9,000000
725058,94793,20151110,54.3,24,49.9,24,9999.9,0,1019.2,24,9.7,24,6.3,24,15.9,25.1,59.0*,48.2*,0.00I,999.9,000000
725058,94793,20151111,52.4,24,50.0,24,9999.9,0,1003.3,24,6.8,24,17.7,24,24.1,35.9,59.0,48.2,0.47G,999.9,000000
725058,94793,20151112,50.6,24,48.6,24,9999.9,0,1008.0,24,9.1,24,8.2,24,20.0,25.1,59.0,46.4,0.03G,999.9,000000
725058,94793,20151113,57.0,24,45.4,24,9999.9,0,996.9,24,10.0,24,15.7,24,22.9,32.1,60.8,46.4,0.07G,999.9,000000
725058,94793,20151114,47.7,24,29.5,24,9999.9,0,1006.4,24,10.0,24,15.6,24,20.0,33.0,60.8,39.2,0.00G,999.9,000000
725058,94793,20151115,46.4,24,31.8,24,9999.9,0,1017.6,24,10.0,24,13.5,24,19.0,27.0,53.6,39.2,0.00I,999.9,000000
725058,94793,20151116,55.4,24,43.5,24,9999.9,0,1016.9,24,10.0,24,9.8,24,15.0,22.0,60.8*,51.8*,0.00I,999.9,000000
725058,94793,20151117,45.3,24,30.4,24,9999.9,0,1026.7,24,10.0,24,9.7,24,17.1,25.1,55.4*,39.2*,0.00I,999.9,000000
725058,94793,20151118,43.1,24,34.8,24,9999.9,0,1030.4,24,10.0,24,4.8,24,9.9,15.0,50.0*,35.6*,0.00I,999.9,000000
725058,94793,20151119,54.0,24,48.2,24,9999.9,0,1023.6,24,10.0,24,13.9,24,22.9,26.0,59.0,37.4,0.00I,999.9,000000
725058,94793,20151120,58.8,24,51.7,24,9999.9,0,1012.6,24,9.2,24,12.7,24,22.9,29.9,60.8,50.0,0.65G,999.9,000000
725058,94793,20151121,46.3,24,30.3,24,9999.9,0,1018.5,24,10.0,24,11.0,24,17.1,25.1,60.8,41.0,0.01G,999.9,000000
725058,94793,20151122,50.6,24,46.1,24,9999.9,0,1010.1,24,9.8,24,6.4,24,15.9,24.1,57.2,44.6,0.05G,999.9,000000
725058,94793,20151123,41.6,24,26.5,24,9999.9,0,1007.4,24,10.0,24,11.6,24,18.1,25.1,57.2,37.4,0.86G,999.9,000000
725058,94793,20151124,37.9,24,17.2,24,9999.9,0,1020.5,24,10.0,24,8.5,24,13.0,20.0,44.6,33.8,0.00G,999.9,000000
725058,94793,20151125,42.0,24,26.6,24,9999.9,0,1033.6,24,10.0,24,5.2,24,8.9,999.9,46.4*,33.8*,0.00I,999.9,000000
725058,94793,20151126,52.2,24,43.3,24,9999.9,0,1039.4,24,10.0,24,10.2,24,15.9,19.0,59.0,44.6,0.00I,999.9,000000
725058,94793,20151127,56.5,24,52.7,24,9999.9,0,1030.5,24,10.0,24,10.0,24,15.0,20.0,60.8*,53.6*,0.00I,999.9,000000
725058,94793,20151128,54.4,24,51.6,24,9999.9,0,1017.7,24,9.8,24,10.0,24,15.9,20.0,57.2,46.4,0.00I,999.9,000000
725058,94793,20151129,43.8,24,38.3,24,9999.9,0,1018.3,23,10.0,24,6.0,24,11.1,18.1,46.4*,39.2*,0.04G,999.9,000000
725058,94793,20151130,38.9,24,28.2,24,9999.9,0,1025.2,23,10.0,24,10.4,24,15.9,22.9,44.6,35.6,0.00G,999.9,000000
725058,94793,20151201,43.6,24,36.0,24,9999.9,0,1022.1,24,9.9,24,9.0,24,15.9,22.0,46.4,35.6,0.00I,999.9,000000
725058,94793,20151202,49.7,24,48.9,24,9999.9,0,1009.7,22,4.9,24,6.5,24,13.0,19.0,57.2,44.6,0.30G,999.9,000000
725058,94793,20151203,52.2,24,45.7,24,9999.9,0,9999.9,0,7.6,24,12.8,24,18.1,28.0,57.2,44.6,0.03G,999.9,000000
725058,94793,20151204,45.0,24,30.5,24,9999.9,0,1020.5,24,10.0,24,10.9,24,19.0,29.9,48.2*,41.0*,0.00G,999.9,000000
725058,94793,20151205,45.4,24,33.6,24,9999.9,0,1031.6,22,10.0,24,6.8,24,13.0,17.1,50.0*,42.8*,0.00I,999.9,000000
725058,94793,20151206,45.4,24,37.8,24,9999.9,0,9999.9,0,10.0,24,7.7,24,14.0,19.0,51.8*,39.2*,0.00I,999.9,000000
725058,94793,20151207,48.3,24,41.8,24,9999.9,0,1017.5,24,9.5,24,9.4,24,14.0,18.1,53.6*,46.4*,0.00I,999.9,000000
725058,94793,20151208,45.4,24,39.7,24,9999.9,0,1013.6,24,9.9,24,9.3,24,15.9,22.9,48.2,42.8,0.04G,999.9,000000
725058,94793,20151209,44.3,24,37.0,24,9999.9,0,1016.7,23,10.0,24,5.6,24,9.9,14.0,51.8,39.2,0.07G,999.9,000000
725058,94793,20151210,52.5,24,47.5,24,9999.9,0,1011.2,11,10.0,24,7.8,24,12.0,17.1,59.0,42.8,0.00G,999.9,000000
725058,94793,20151211,53.1,24,51.9,24,9999.9,0,1010.2,24,6.5,24,6.6,24,15.9,20.0,57.2*,46.4*,0.00I,999.9,000000
725058,94793,20151212,54.8,24,47.9,24,9999.9,0,1014.0,24,9.3,24,8.7,24,14.0,20.0,60.8,51.8,0.00I,999.9,000000
725058,94793,20151213,53.4,24,49.5,24,9999.9,0,1017.1,24,7.5,24,6.8,24,11.1,15.0,55.4,51.8,0.02G,999.9,000000
725058,94793,20151214,53.2,24,50.5,24,9999.9,0,1012.3,24,5.9,24,8.5,24,14.0,19.0,57.2*,50.0*,0.00G,999.9,000000
725058,94793,20151215,57.7,24,52.7,24,9999.9,0,994.5,24,6.8,24,13.1,24,21.0,29.9,60.8,51.8,0.75G,999.9,000000
725058,94793,20151216,46.3,24,36.0,24,9999.9,0,1011.0,24,10.0,24,9.8,24,15.0,22.9,55.4*,42.8*,0.00G,999.9,000000
725058,94793,20151217,49.2,24,45.0,24,9999.9,0,1013.5,24,8.7,24,9.7,24,14.0,20.0,57.2*,42.8*,0.00I,999.9,000000
725058,94793,20151218,51.6,24,50.4,24,9999.9,0,999.9,24,6.4,24,7.7,24,15.0,22.0,57.2,42.8,0.55G,999.9,000000
725058,94793,20151219,39.4,24,23.2,24,9999.9,0,1006.9,24,10.0,24,13.6,24,21.0,31.1,55.4,37.4,0.03G,999.9,000000
725058,94793,20151220,37.8,24,20.3,24,9999.9,0,1022.8,24,10.0,24,12.8,24,21.0,33.0,41.0,35.6,0.00G,999.9,000000
725058,94793,20151221,47.3,24,37.6,24,9999.9,0,1023.1,24,10.0,24,13.8,24,22.0,27.0,55.4*,39.2*,0.00I,999.9,000000
725058,94793,20151222,55.0,24,53.2,24,9999.9,0,1013.6,24,8.1,24,13.0,24,17.1,24.1,57.2,39.2,0.00I,999.9,000000
725058,94793,20151223,53.4,24,52.3,24,9999.9,0,1016.8,24,6.9,24,7.7,24,15.0,21.0,57.2*,48.2*,0.11G,999.9,000000
725058,94793,20151224,58.8,24,57.9,24,9999.9,0,1010.9,24,2.9,24,16.3,24,26.0,36.9,62.6,48.2,1.72G,999.9,000000
725058,94793,20151225,56.9,24,54.4,24,9999.9,0,1016.7,24,6.1,24,5.4,24,15.0,17.1,64.4,53.6,0.00G,999.9,000000
725058,94793,20151226,51.3,24,43.5,24,9999.9,0,1024.5,24,8.7,24,8.9,24,15.9,22.0,55.4*,46.4*,0.01G,999.9,000000
725058,94793,20151227,51.2,24,48.8,24,9999.9,0,1014.4,24,5.0,24,10.9,24,18.1,25.1,57.2,46.4,0.13G,999.9,000000
725058,94793,20151228,46.4,12,40.5,12,9999.9,0,1012.3,12,9.2,12,11.4,12,17.1,28.0,53.6*,37.4*,0.04G,999.9,000000
725058,94793,20151229,44.6,10,43.0,10,9999.9,0,1010.4,10,5.6,10,13.0,10,17.1,26.0,48.2*,42.8*,0.00G,999.9,000000
725058,94793,20151230,39.2,15,37.9,15,9999.9,0,1019.3,13,6.8,15,6.5,15,11.1,999.9,42.8*,35.6*,0.17G,999.9,000000
725058,94793,20151231,46.7,24,42.5,24,9999.9,0,1013.2,22,8.2,24,7.9,24,13.0,18.1,50.0,42.8,0.50G,999.9,000000
