703050,25623,20180101,35.6,24,31.8,24,987.4,24,968.6,7,10.0,24,16.3,24,24.1,36.9,38.3,32.4,0.34G,999.9,000000
703050,25623,20180102,29.2,24,28.0,24,981.8,24,962.7,15,6.1,24,4.2,24,9.9,999.9,36.9,25.9,0.05G,999.9,011000
703050,25623,20180103,30.2,24,27.5,24,1000.6,24,979.7,15,9.0,24,6.4,24,14.0,18.1,32.4,25.9,0.04G,999.9,011000
703050,25623,20180104,33.3,24,29.7,24,1010.1,24,989.3,14,9.5,24,12.8,24,24.1,38.1,35.6,29.5,0.00G,999.9,011000
703050,25623,20180105,34.1,24,30.6,24,992.7,24,971.3,14,7.4,24,27.5,24,34.0,56.9,35.6*,31.6*,0.01G,999.9,011000
703050,25623,20180106,35.1,24,32.8,24,981.1,24,960.8,14,6.0,24,20.2,24,33.0,53.0,39.4,31.3,0.09G,999.9,011000
703050,25623,20180107,36.4,24,32.8,24,1002.8,24,974.8,4,9.6,24,8.3,24,13.0,999.9,39.4,32.2,0.09G,999.9,010000
703050,25623,20180108,31.5,24,27.7,24,1005.1,24,982.5,5,9.2,24,13.9,24,28.9,35.0,38.1,27.9,0.00G,999.9,001000
703050,25623,20180109,30.4,24,28.4,24,996.6,24,976.4,15,5.9,24,21.0,24,27.0,42.0,34.0,27.9,0.02B,999.9,011000
703050,25623,20180110,31.3,24,29.1,24,1000.7,24,980.5,18,6.6,24,23.5,24,28.0,40.0,34.5,29.8,0.00H,999.9,011000
703050,25623,20180111,29.1,24,24.6,24,992.1,24,967.3,6,10.0,24,18.4,24,28.0,35.0,34.3,27.0,0.00I,999.9,000000
703050,25623,20180112,32.4,24,30.7,24,984.0,24,963.9,19,7.4,24,17.6,24,24.1,32.1,35.6,27.0,0.02G,999.9,011000
703050,25623,20180113,33.6,24,29.9,24,980.5,24,958.5,11,9.7,24,11.4,24,21.0,26.0,37.6,30.4,0.06G,999.9,011000
703050,25623,20180114,36.0,24,33.6,24,965.8,24,945.8,12,9.0,24,17.7,24,26.0,53.0,37.6*,32.0*,0.12G,999.9,011000
703050,25623,20180115,37.2,24,34.2,24,983.6,24,962.6,14,9.3,24,19.9,24,26.0,51.1,38.1,34.5,0.24G,999.9,011000
703050,25623,20180116,34.4,24,30.7,24,995.6,24,9999.9,0,8.5,24,7.8,24,18.1,27.0,37.9,30.9,0.00G,999.9,100000
703050,25623,20180117,28.3,24,27.7,23,997.1,24,976.4,10,7.2,24,28.0,24,35.0,42.9,36.5,24.1,0.00H,999.9,001000
703050,25623,20180118,21.1,24,20.0,24,1003.8,24,982.8,9,8.0,24,22.8,24,28.9,34.0,29.8,17.4,0.00D,999.9,001000
703050,25623,20180119,19.2,24,18.1,24,1007.4,24,986.1,10,8.2,24,11.3,24,22.0,28.9,23.0*,14.9*,0.00H,999.9,001000
703050,25623,20180120,11.9,24,5.4,24,1022.4,24,9999.9,0,9.9,24,19.5,24,27.0,33.0,22.8,8.4,0.00I,999.9,000000
703050,25623,20180121,6.6,24,1.8,24,1021.8,24,999.4,7,10.0,24,22.1,24,29.9,39.0,14.9,0.7,99.99,999.9,001000
703050,25623,20180122,-1.1,24,-5.3,24,1021.3,24,9999.9,0,9.7,24,26.8,24,41.0,47.0,9.3,-2.6,99.99,999.9,001000
703050,25623,20180123,2.2,24,-2.3,24,1026.2,24,1004.2,8,10.0,24,9.1,24,27.0,32.1,8.6*,-1.1*,99.99,999.9,001000
703050,25623,20180124,0.1,23,-4.4,23,1026.6,23,9999.9,0,10.0,23,12.1,23,18.1,999.9,8.1,-3.1,0.00I,999.9,000000
703050,25623,20180125,3.4,24,0.0,24,1026.7,24,1003.8,6,9.3,24,8.4,24,29.9,35.9,6.8*,1.8*,0.00H,999.9,001000
703050,25623,20180126,-0.6,24,-4.6,24,1021.5,24,998.8,13,6.1,24,33.9,24,44.1,58.1,6.4,-6.0,0.00H,999.9,001000
703050,25623,20180127,2.9,24,-0.2,24,1027.3,24,1005.4,8,10.0,24,16.5,24,40.0,49.0,4.3,-5.1,99.99,999.9,001000
703050,25623,20180128,4.0,24,1.3,24,1030.8,24,1008.3,7,10.0,24,2.3,24,7.0,999.9,10.0,0.9,0.00H,999.9,001000
703050,25623,20180129,10.8,24,6.9,24,1023.0,24,1002.5,5,10.0,24,13.5,24,21.0,28.9,15.1,1.2,99.99,999.9,001000
703050,25623,20180130,14.4,24,12.1,24,1018.7,24,997.2,7,10.0,24,13.1,24,20.0,25.1,16.7,10.4,0.00I,999.9,000000
703050,25623,20180131,10.3,24,6.9,24,1020.9,24,9999.9,0,10.0,24,11.5,24,21.0,28.0,15.4,6.3,0.00I,999.9,000000
703050,25623,20180201,12.8,24,5.1,24,1019.5,24,9999.9,0,10.0,24,2.7,24,12.0,15.0,19.4,6.3,0.00I,999.9,000000
703050,25623,20180202,19.2,24,5.4,24,1015.7,24,9999.9,0,10.0,24,6.4,24,19.0,21.0,23.7,10.6,0.00I,999.9,000000
703050,25623,20180203,23.2,24,11.7,24,1013.9,24,9999.9,0,9.6,24,21.6,24,31.1,38.1,28.4*,20.8*,99.99,999.9,001000
703050,25623,20180204,31.8,24,22.9,24,1016.1,24,9999.9,0,10.0,24,21.0,24,27.0,40.0,35.6*,27.9*,99.99,999.9,011000
703050,25623,20180205,28.4,24,16.0,24,1012.9,24,985.0,4,9.3,24,19.0,24,28.0,35.0,35.2,23.4,0.00H,999.9,011000
703050,25623,20180206,34.1,24,32.1,24,1004.3,24,984.0,14,8.0,24,22.9,24,35.9,46.0,36.5,23.4,0.03G,999.9,011000
703050,25623,20180207,36.2,24,31.3,24,1017.2,24,993.4,4,10.0,24,24.3,24,40.0,48.0,38.1,34.5,0.00G,999.9,010000
703050,25623,20180208,35.7,24,26.5,24,1021.5,24,9999.9,0,10.0,24,31.7,24,36.9,47.0,39.2,31.6,0.00I,999.9,000000
703050,25623,20180209,33.8,24,28.0,24,1014.9,23,989.9,6,7.8,24,30.8,24,40.0,66.0,38.8,30.6,0.04B,999.9,111000
703050,25623,20180210,36.1,24,32.8,24,1004.8,24,984.7,10,8.4,24,28.6,24,35.0,69.9,39.7,32.9,0.11G,999.9,111000
703050,25623,20180211,36.8,24,33.8,24,1007.2,24,986.8,11,9.1,24,24.5,24,33.0,49.0,39.6,34.3,0.05G,999.9,011000
703050,25623,20180212,32.0,24,31.1,23,1003.4,24,983.3,18,3.6,24,15.9,24,28.9,38.1,38.1,28.2,0.50G,999.9,111000
703050,25623,20180213,33.7,24,29.1,24,1021.7,24,1000.3,7,9.1,24,21.7,24,32.1,54.0,36.5,28.2,0.00G,999.9,011000
703050,25623,20180214,33.5,24,31.2,24,1020.5,24,999.1,16,5.4,24,19.8,24,31.1,63.9,35.8*,30.2*,0.25G,1.2,011000
703050,25623,20180215,31.6,24,27.0,24,1020.6,24,998.1,11,7.4,24,21.0,24,33.0,52.1,33.3*,28.4*,0.13G,999.9,111000
703050,25623,20180216,32.9,24,29.3,24,1023.5,24,995.6,8,7.3,24,16.1,24,34.0,42.0,35.8,28.9,0.28G,999.9,111000
703050,25623,20180217,35.1,24,22.3,24,1033.3,24,9999.9,0,8.7,24,23.5,24,40.0,62.0,38.7,31.3,0.00G,999.9,010000
703050,25623,20180218,35.9,24,32.0,24,1021.0,24,998.9,11,7.9,24,25.3,24,39.0,74.0,38.1,32.7,0.23G,999.9,011000
703050,25623,20180219,36.4,24,30.2,24,1024.1,24,9999.9,0,9.6,24,28.7,24,42.0,49.9,39.7,32.9,0.28G,999.9,011000
703050,25623,20180220,36.0,24,32.9,24,1030.8,24,1007.5,9,7.7,24,12.5,24,27.0,42.0,39.6,32.2,0.17G,999.9,011000
703050,25623,20180221,37.6,24,34.3,24,1026.3,24,1006.5,9,8.7,24,24.7,24,36.9,54.0,41.5,32.5,0.17G,999.9,011000
703050,25623,20180222,33.6,24,32.0,24,1024.0,24,1003.2,21,5.4,24,20.4,24,31.1,41.0,40.6,26.6,0.03G,999.9,111000
703050,25623,20180223,29.1,24,24.2,24,1026.7,24,1001.3,7,6.8,24,18.0,24,41.0,53.0,36.3,26.2,0.00G,999.9,101000
703050,25623,20180224,31.5,24,28.0,24,1012.2,24,991.5,17,7.3,24,22.7,24,42.0,53.0,34.7,26.4,0.07G,999.9,111000
703050,25623,20180225,29.4,24,27.6,24,1014.7,24,994.9,12,4.4,24,15.5,24,33.0,42.0,33.1,22.3,0.00G,999.9,111000
703050,25623,20180226,30.6,24,26.9,24,1000.2,24,980.0,15,5.9,24,28.9,24,44.1,70.9,36.1,21.0,0.09G,999.9,011000
703050,25623,20180227,27.3,24,23.2,24,1010.3,24,988.3,15,7.0,24,19.6,24,31.1,45.1,34.2,21.0,0.06G,999.9,011000
703050,25623,20180228,19.0,24,10.9,24,1031.8,24,1000.8,4,9.8,24,12.0,24,34.0,41.0,32.0,13.8,0.00G,999.9,011000
703050,25623,20180301,24.8,24,10.7,24,1026.0,24,1001.8,7,2.9,24,38.0,24,51.1,55.9,30.6,14.0,0.00D,999.9,111000
703050,25623,20180302,28.9,24,27.8,24,1023.9,24,1002.7,19,2.4,24,10.5,24,35.0,44.1,34.5,22.6,0.09G,999.9,111000
703050,25623,20180303,27.2,24,26.5,24,1026.2,24,1005.2,9,8.8,24,5.8,24,13.0,999.9,29.8,24.8,0.00G,999.9,101000
703050,25623,20180304,28.7,24,26.8,24,1031.8,24,1010.2,15,5.1,24,10.9,24,28.0,41.0,32.0*,24.8*,0.03B,999.9,111000
703050,25623,20180305,32.1,24,30.5,24,1030.4,24,1008.1,9,7.0,24,14.5,24,26.0,42.0,33.8,27.7,0.09G,999.9,011000
703050,25623,20180306,32.7,24,31.3,24,1022.2,24,1000.4,12,6.8,24,17.9,24,32.1,56.9,34.3,31.3,0.02G,999.9,011000
703050,25623,20180307,33.0,24,32.1,24,1014.4,24,993.6,16,5.1,24,10.0,24,20.0,31.1,35.8,31.1,0.07G,999.9,111000
703050,25623,20180308,29.4,24,26.3,24,999.9,24,980.7,8,7.4,24,12.7,24,24.1,32.1,35.8,24.6,0.28G,999.9,011000
703050,25623,20180309,23.5,24,19.8,24,988.2,24,967.7,12,7.7,24,20.0,24,44.1,49.0,28.4*,19.4*,0.01G,999.9,001000
703050,25623,20180310,13.0,24,10.6,24,1004.4,24,984.1,9,9.1,24,29.2,24,39.0,47.0,25.2,10.4,0.00G,3.9,001000
703050,25623,20180311,12.6,24,9.8,24,1006.6,24,983.5,12,8.5,24,10.3,24,24.1,29.9,23.0*,6.8*,0.00H,999.9,101000
703050,25623,20180312,27.3,24,25.8,24,992.4,24,969.8,14,3.2,24,17.3,24,36.9,62.0,32.4*,23.0*,0.00D,999.9,111000
703050,25623,20180313,27.1,24,25.2,24,1003.8,24,983.3,18,4.9,24,0.3,24,7.0,999.9,34.7,22.5,0.00H,999.9,111000
703050,25623,20180314,26.7,24,21.3,24,1010.1,24,987.8,13,9.3,24,3.1,24,15.0,15.9,33.8*,21.2*,0.00H,5.9,111000
703050,25623,20180315,25.6,9,21.2,9,1007.3,9,985.0,5,4.9,9,13.7,9,20.0,22.9,33.8*,23.0*,0.00H,999.9,001000
703050,25623,20180316,32.4,24,30.7,24,1000.8,24,980.6,18,4.1,24,17.0,24,26.0,39.0,36.7,20.1,0.09G,999.9,111000
703050,25623,20180317,35.8,24,33.3,24,1010.5,24,989.9,14,8.4,24,17.6,24,28.0,36.9,37.6,32.0,0.20G,999.9,010000
703050,25623,20180318,34.5,24,32.3,24,1012.5,24,990.1,10,7.4,24,12.9,24,31.1,48.0,37.8,32.9,0.17G,999.9,111000
703050,25623,20180319,32.5,24,30.1,24,1024.9,24,998.3,11,8.6,24,14.8,24,21.0,28.0,37.8,29.5,0.01G,999.9,011000
703050,25623,20180320,31.3,24,29.1,24,1038.0,24,1017.6,7,9.0,24,15.3,24,22.9,34.0,33.8*,29.3*,0.00G,999.9,010000
703050,25623,20180321,31.4,24,28.1,24,1040.3,24,1016.4,5,8.3,24,10.3,24,20.0,999.9,33.8*,26.6*,0.00I,999.9,100000
703050,25623,20180322,30.2,24,21.4,24,1025.3,24,1013.3,5,8.0,24,26.3,24,45.1,52.1,33.8*,26.2*,0.00H,999.9,111000
703050,25623,20180323,31.9,24,26.7,24,1018.4,24,994.8,6,8.6,24,11.4,24,28.9,35.9,34.9,28.0,0.02G,999.9,011000
703050,25623,20180324,31.9,24,28.6,24,1016.3,24,991.8,7,9.3,24,12.6,24,22.0,27.0,34.5,28.2,0.01G,999.9,011000
703050,25623,20180325,30.1,24,24.9,24,993.5,24,970.8,10,4.3,24,27.7,24,39.0,58.1,33.8*,26.2*,0.00G,999.9,111000
703050,25623,20180326,33.4,24,30.8,24,987.8,24,967.9,13,5.1,24,18.9,24,34.0,45.1,34.5,25.9,0.19G,999.9,111000
703050,25623,20180327,32.7,24,31.5,24,996.5,24,976.7,16,6.1,24,18.1,24,24.1,44.1,34.3*,30.2*,0.10G,5.9,111000
703050,25623,20180328,31.8,24,28.2,24,1020.8,24,998.5,9,9.8,24,14.0,24,24.1,35.0,33.8*,30.2*,0.02G,5.9,011000
703050,25623,20180329,31.8,24,29.8,24,1030.7,24,1010.1,19,9.4,24,7.3,24,12.0,21.0,33.1,29.5,0.00G,999.9,011000
703050,25623,20180330,26.7,24,25.3,24,1036.3,24,1015.0,14,9.3,24,5.0,24,11.1,999.9,32.7,24.6,0.02G,999.9,001000
703050,25623,20180331,28.1,24,18.8,24,1041.5,24,1019.9,6,9.2,24,2.4,24,7.0,999.9,31.1,24.6,0.00G,999.9,111000
703050,25623,20180401,33.1,24,22.6,24,1038.2,24,9999.9,0,10.0,24,2.9,24,8.0,999.9,39.7,25.9,0.00I,999.9,000000
703050,25623,20180402,36.5,24,21.9,24,1029.4,24,9999.9,0,10.0,24,6.7,24,15.0,999.9,43.3*,32.4*,0.00I,2.0,000000
703050,25623,20180403,32.4,24,19.1,24,1021.6,24,9999.9,0,10.0,24,6.4,24,15.0,999.9,43.9,26.2,0.00I,999.9,000000
703050,25623,20180404,23.6,24,17.6,24,1009.5,24,9999.9,0,10.0,24,15.0,24,24.1,999.9,35.8,17.6,0.00H,999.9,001000
703050,25623,20180405,18.6,24,13.5,24,1005.0,24,984.1,14,9.5,24,6.9,24,15.0,19.0,26.4,13.6,0.00H,999.9,001000
703050,25623,20180406,21.5,24,13.2,24,1006.3,24,985.0,7,9.6,24,4.6,24,11.1,999.9,24.4*,17.6*,0.01B,2.0,001000
703050,25623,20180407,22.7,24,11.2,24,1008.7,24,9999.9,0,10.0,24,5.3,24,8.9,999.9,29.3,16.9,0.00I,999.9,000000
703050,25623,20180408,28.2,24,19.6,24,1007.0,24,9999.9,0,10.0,24,2.8,24,9.9,999.9,32.0*,26.2*,0.00I,999.9,000000
703050,25623,20180409,33.5,24,22.6,24,1000.5,24,977.3,5,10.0,24,15.5,24,28.9,35.9,37.9,24.6,0.00H,999.9,010000
703050,25623,20180410,37.4,24,32.9,24,990.5,24,972.4,9,9.8,24,6.5,24,17.1,999.9,43.5,32.0,0.12G,1.2,011000
703050,25623,20180411,41.5,12,31.5,12,992.4,12,9999.9,0,10.0,12,2.3,12,9.9,999.9,45.7,33.3,0.00G,999.9,010000
703050,25623,20180412,36.1,24,32.9,24,994.9,24,9999.9,0,10.0,24,1.4,24,7.0,999.9,39.9*,32.0*,99.99,999.9,010000
703050,25623,20180413,35.2,24,33.5,24,1002.2,24,981.8,14,9.0,24,3.7,24,15.0,20.0,38.8,31.6,0.00H,999.9,110000
703050,25623,20180414,29.9,24,27.4,24,1015.0,24,993.6,11,9.6,24,7.8,24,20.0,28.0,34.2*,26.6*,0.00H,999.9,011000
703050,25623,20180415,38.0,24,35.5,24,1011.6,24,991.1,15,5.3,24,26.8,24,35.9,49.9,42.4,26.8,0.56G,999.9,011000
703050,25623,20180416,35.4,24,33.8,24,1007.4,24,987.1,16,8.0,24,6.7,24,17.1,999.9,42.3,32.7,0.38G,999.9,111000
703050,25623,20180417,35.3,24,31.6,24,998.5,24,976.8,13,9.0,24,18.5,24,31.1,49.9,36.9,32.7,0.01G,999.9,011000
703050,25623,20180418,36.1,24,33.3,24,987.3,24,967.6,13,7.1,24,19.3,24,28.0,44.1,37.4*,33.8*,0.33G,999.9,011000
703050,25623,20180419,36.2,24,33.0,24,992.3,24,972.3,8,10.0,24,12.8,24,19.0,25.1,39.2,33.1,0.56G,999.9,000000
703050,25623,20180420,35.7,24,32.3,24,998.9,24,978.4,6,10.0,24,2.3,24,8.0,999.9,42.1,31.3,0.00G,999.9,110000
703050,25623,20180421,32.0,24,29.8,24,997.8,24,977.3,10,8.1,24,7.9,24,18.1,20.0,37.0*,28.4*,0.00H,999.9,111000
703050,25623,20180422,37.1,24,33.4,24,996.6,24,976.3,11,8.4,24,14.7,24,22.9,36.9,41.2,29.1,0.25G,999.9,011000
703050,25623,20180423,33.6,24,29.2,24,996.0,24,974.5,11,6.3,24,17.9,24,28.9,42.9,41.2,29.7,0.43G,999.9,011000
703050,25623,20180424,37.3,24,34.3,24,984.5,24,964.0,10,8.5,24,18.0,24,29.9,62.0,40.1,32.0,0.72G,999.9,011000
703050,25623,20180425,36.9,24,33.8,24,996.5,24,977.4,13,9.8,24,19.7,24,27.0,56.9,39.2,33.1,0.23G,999.9,011000
703050,25623,20180426,36.0,24,33.0,24,1011.8,24,990.5,13,9.4,24,13.2,24,22.9,39.0,37.8,33.3,0.04G,999.9,110000
703050,25623,20180427,34.1,24,31.5,24,1010.0,24,989.2,13,7.2,24,17.9,24,32.1,61.0,36.1*,32.0*,0.36G,999.9,011000
703050,25623,20180428,36.4,23,35.1,23,1003.5,23,983.1,14,5.1,23,17.8,23,27.0,45.1,38.1,32.5,0.82G,999.9,111000
703050,25623,20180429,37.0,24,36.0,24,1003.2,24,983.3,15,3.8,24,19.7,24,33.0,47.0,39.2,35.2,0.22G,999.9,110000
703050,25623,20180430,37.3,24,33.6,24,1010.4,24,989.4,7,10.0,24,20.2,24,27.0,41.0,39.2,35.8,0.19G,999.9,000000
703050,25623,20180501,35.5,24,33.2,24,1014.9,24,995.1,8,9.9,24,12.8,24,19.0,28.9,37.4*,33.8*,0.00G,999.9,010000
703050,25623,20180502,32.7,24,28.9,24,1015.3,24,995.3,10,9.6,24,9.7,24,22.0,28.9,36.3,28.9,0.03C,999.9,011000
703050,25623,20180503,35.0,24,33.1,24,997.4,24,976.5,19,5.9,24,11.2,24,20.0,26.0,37.6,29.1,0.54G,999.9,011000
703050,25623,20180504,34.9,24,33.5,24,983.1,24,964.1,17,7.6,24,13.7,24,24.1,29.9,37.4*,32.0*,0.12G,999.9,111000
703050,25623,20180505,33.9,24,32.7,24,989.5,24,968.7,8,7.4,24,18.8,24,24.1,34.0,36.0*,32.0*,0.09G,999.9,011000
703050,25623,20180506,33.7,24,30.3,24,1011.7,24,989.3,11,7.9,24,12.2,24,21.0,31.1,38.1,30.9,0.02G,999.9,011000
703050,25623,20180507,36.9,24,31.4,24,1012.1,24,990.2,9,7.8,24,17.2,24,31.1,55.9,39.4,31.1,0.02G,999.9,011000
703050,25623,20180508,38.8,24,34.6,24,1002.3,24,9999.9,0,9.8,24,23.8,24,31.1,49.0,40.6,34.5,0.61G,999.9,010000
703050,25623,20180509,39.9,24,34.5,24,997.8,24,9999.9,0,9.9,24,14.3,24,21.0,40.0,41.7*,37.4*,0.01G,999.9,010000
703050,25623,20180510,38.3,24,32.7,24,993.7,24,9999.9,0,9.9,24,10.9,24,19.0,999.9,42.4*,35.4*,0.00G,999.9,010000
703050,25623,20180511,38.0,24,35.6,24,987.4,24,966.9,10,6.8,24,18.4,24,28.9,55.9,42.8*,35.6*,0.14G,999.9,011000
703050,25623,20180512,36.8,24,35.1,24,1005.0,24,984.8,20,6.3,24,24.3,24,31.1,58.1,38.3*,33.8*,0.64G,999.9,011000
703050,25623,20180513,37.6,24,35.3,24,1014.2,24,993.9,16,10.0,24,14.7,24,25.1,35.0,39.6,34.3,0.16G,999.9,010000
703050,25623,20180514,34.3,24,30.6,24,1014.3,24,993.8,14,8.9,24,9.2,24,17.1,21.0,38.5*,30.2*,0.02G,999.9,111000
703050,25623,20180515,33.9,24,32.1,24,1014.8,24,994.1,16,6.6,24,11.0,24,17.1,22.0,37.4,30.7,0.13G,999.9,011000
703050,25623,20180516,36.0,24,31.4,24,1019.5,24,999.1,5,10.0,24,4.6,24,12.0,999.9,40.8*,33.6*,0.02G,999.9,010000
703050,25623,20180517,41.5,24,36.8,24,1017.1,24,995.8,7,9.7,24,6.8,24,18.1,28.9,46.4*,39.2*,0.03G,999.9,010000
703050,25623,20180518,45.0,24,39.2,24,1011.0,24,992.1,5,10.0,24,17.9,24,22.0,29.9,48.2,39.2,0.35G,999.9,010000
703050,25623,20180519,44.3,24,39.9,24,1005.1,24,984.9,13,9.5,24,4.5,24,17.1,999.9,48.6*,41.0*,0.06G,999.9,010000
703050,25623,20180520,44.6,24,39.1,24,1001.4,24,981.6,4,10.0,24,6.6,24,11.1,999.9,49.3,40.1,0.01G,999.9,010000
703050,25623,20180521,39.9,24,39.1,24,999.3,24,979.5,16,4.4,24,8.9,24,19.0,24.1,45.7,37.0,0.00G,999.9,110000
703050,25623,20180522,41.1,24,40.4,24,1004.3,24,984.6,18,4.2,24,8.9,24,22.0,27.0,45.7,37.2,0.00H,999.9,110000
703050,25623,20180523,39.9,24,38.3,24,1003.9,24,983.8,18,5.8,24,11.2,24,21.0,32.1,45.3,34.9,0.02B,999.9,110000
703050,25623,20180524,44.1,24,38.4,24,1002.2,24,982.2,8,10.0,24,9.4,24,18.1,31.1,50.4,35.1,99.99,999.9,010000
703050,25623,20180525,45.1,24,37.9,24,1006.5,24,9999.9,0,10.0,24,5.9,24,11.1,999.9,50.0,41.0,0.09G,999.9,010000
703050,25623,20180526,39.7,12,36.9,12,1010.1,12,990.1,5,9.8,12,19.4,12,22.9,999.9,46.6,37.4,0.00G,999.9,010000
703050,25623,20180527,37.9,24,34.2,24,1015.2,24,995.6,8,9.3,24,20.1,24,28.9,36.9,45.0,35.1,0.00H,999.9,010000
703050,25623,20180528,37.9,24,33.1,24,1016.5,24,993.8,6,10.0,24,10.8,24,20.0,22.9,41.0,34.5,99.99,999.9,010000
703050,25623,20180529,40.9,23,38.1,23,1007.4,23,987.0,13,6.4,23,17.8,23,28.0,35.0,45.5,34.7,0.50G,999.9,111000
703050,25623,20180530,41.4,24,38.8,24,1010.3,24,990.2,8,8.0,24,14.3,24,20.0,32.1,45.3,40.3,0.30G,999.9,010000
703050,25623,20180531,42.6,24,37.8,24,1011.5,24,991.3,12,9.7,24,12.5,24,18.1,38.1,48.9,40.3,0.47G,999.9,010000
703050,25623,20180601,43.5,24,40.0,24,1017.6,24,999.4,9,10.0,24,6.7,24,19.0,999.9,48.6,40.8,0.00G,999.9,000000
703050,25623,20180602,39.1,24,37.8,24,1018.0,24,997.1,11,7.2,24,8.7,24,25.1,31.1,44.6,36.1,0.00H,999.9,110000
703050,25623,20180603,42.9,24,39.5,24,1011.9,24,992.0,15,7.1,24,17.5,24,25.1,38.1,46.4*,41.0*,0.01G,999.9,010000
703050,25623,20180604,44.8,24,41.2,24,1010.0,24,990.3,12,9.6,24,14.0,24,27.0,33.0,48.4,42.1,0.42G,999.9,010000
703050,25623,20180605,48.1,24,39.0,24,1008.5,24,9999.9,0,10.0,24,7.3,24,17.1,22.9,51.8,43.3,0.00G,999.9,000000
703050,25623,20180606,48.7,24,43.2,24,1005.7,24,9999.9,0,9.9,24,4.1,24,8.0,999.9,59.5*,42.6*,0.00I,999.9,000000
703050,25623,20180607,50.6,24,44.9,24,1004.3,24,985.1,8,9.3,24,7.5,24,15.9,999.9,64.2,42.6,0.00H,999.9,010000
703050,25623,20180608,40.6,24,38.4,24,1010.9,24,990.3,11,9.0,24,6.6,24,15.9,999.9,44.8*,37.4*,0.00I,999.9,000000
703050,25623,20180609,42.9,24,40.0,24,1014.6,24,994.1,8,10.0,24,3.3,24,8.0,999.9,48.4*,40.5*,0.00I,999.9,000000
703050,25623,20180610,48.9,24,44.4,24,1016.4,24,996.3,11,7.4,24,2.9,24,8.9,999.9,54.3,40.6,0.00H,999.9,110000
703050,25623,20180611,51.5,24,46.0,24,1013.3,24,9999.9,0,10.0,24,5.0,24,19.0,28.9,56.5,45.9,0.00I,999.9,000000
703050,25623,20180612,56.4,24,38.0,24,1013.5,24,9999.9,0,10.0,24,7.7,24,24.1,32.1,59.7,48.4,0.00I,999.9,000000
703050,25623,20180613,57.1,24,38.2,24,1016.8,24,9999.9,0,10.0,24,4.2,24,8.0,999.9,63.1,50.7,0.00I,999.9,000000
703050,25623,20180614,55.0,24,43.1,24,1014.9,24,9999.9,0,10.0,24,3.1,24,8.0,999.9,63.1,45.7,0.00I,999.9,000000
703050,25623,20180615,54.6,24,43.5,24,1005.8,24,981.9,4,8.6,24,10.0,24,18.1,27.0,62.2,45.7,0.27B,999.9,010000
703050,25623,20180616,51.0,24,47.0,24,997.0,24,977.5,10,9.5,24,13.7,24,18.1,29.9,57.4,48.0,0.13D,999.9,010000
703050,25623,20180617,47.5,24,44.1,24,999.0,24,979.7,8,7.8,24,8.8,24,15.9,26.0,52.0,46.2,0.42G,999.9,010000
703050,25623,20180618,47.5,24,45.2,24,998.9,24,979.7,10,8.9,24,4.7,24,15.0,18.1,50.4,45.9,0.99G,999.9,010000
703050,25623,20180619,46.3,24,43.9,24,1004.3,24,985.2,18,8.1,24,12.4,24,22.9,28.9,50.4,44.6,0.13G,999.9,110000
703050,25623,20180620,48.3,24,42.8,24,1010.5,24,990.5,14,8.7,24,7.6,24,15.9,21.0,53.6*,46.4*,0.03G,999.9,110000
703050,25623,20180621,47.1,24,44.6,24,1007.4,24,987.8,14,8.4,24,7.9,24,15.9,999.9,50.0*,44.6*,0.18G,999.9,110000
703050,25623,20180622,47.4,24,41.6,24,1013.0,24,992.5,5,9.6,24,11.0,24,15.0,19.0,50.7*,44.6*,0.01G,999.9,010000
703050,25623,20180623,48.9,24,40.8,24,1020.1,24,999.7,5,10.0,24,6.0,24,12.0,18.1,54.1,44.8,0.02G,999.9,010000
703050,25623,20180624,49.5,24,39.1,24,1019.4,24,9999.9,0,10.0,24,5.9,24,11.1,999.9,54.3,44.4,0.00G,999.9,000000
703050,25623,20180625,50.8,24,41.3,24,1012.1,24,9999.9,0,10.0,24,8.0,24,19.0,33.0,55.4,44.4,0.00I,999.9,000000
703050,25623,20180626,50.6,24,45.2,24,1002.6,24,983.7,8,7.7,24,16.8,24,22.9,38.1,55.4,45.9,0.78B,999.9,010000
703050,25623,20180627,49.1,24,46.5,24,1000.6,24,980.7,13,6.0,24,11.9,24,20.0,32.1,52.3*,46.4*,1.68G,999.9,110000
703050,25623,20180628,51.0,24,47.5,24,1003.8,24,984.1,14,7.2,24,4.5,24,12.0,999.9,57.2,47.1,0.08G,999.9,110000
703050,25623,20180629,50.4,24,45.7,24,1008.0,24,987.7,6,9.7,24,3.9,24,8.9,999.9,57.0,45.5,0.02G,999.9,010000
703050,25623,20180630,49.8,24,45.1,24,1015.3,24,996.0,5,8.8,24,6.0,24,13.0,18.1,55.8*,44.6*,0.07G,999.9,110000
703050,25623,20180701,46.6,24,44.8,24,1024.2,24,1006.5,8,2.3,24,4.2,24,13.0,999.9,53.6*,43.7*,0.00G,999.9,110000
703050,25623,20180702,47.3,24,44.8,24,1031.0,24,1010.1,7,9.0,24,4.3,24,8.9,999.9,54.3,43.5,0.00I,999.9,100000
703050,25623,20180703,56.4,24,43.9,24,1031.9,24,9999.9,0,10.0,24,8.6,24,24.1,35.0,64.4*,49.6*,99.99,999.9,010000
703050,25623,20180704,51.9,24,48.7,24,1026.2,24,1006.1,14,5.4,24,14.2,24,24.1,26.0,60.3*,48.2*,0.21G,999.9,110000
703050,25623,20180705,51.7,24,48.3,24,1025.5,24,1005.7,7,8.4,24,6.6,24,15.0,999.9,57.9,47.7,0.01G,999.9,100000
703050,25623,20180706,49.6,24,47.9,24,1022.5,24,1002.3,9,4.8,24,8.9,24,17.1,999.9,56.1,47.5,0.00G,999.9,110000
703050,25623,20180707,51.8,24,47.8,24,1009.5,24,988.9,7,8.3,24,12.0,24,26.0,38.1,54.3,47.5,0.01G,999.9,010000
703050,25623,20180708,48.0,24,45.2,24,1001.2,24,982.5,17,5.2,24,20.9,24,28.9,48.0,51.8*,46.4*,0.40G,999.9,010000
703050,25623,20180709,46.7,24,44.7,24,989.2,24,969.5,13,7.1,24,18.1,24,28.9,45.1,48.2*,46.0*,0.55G,999.9,010000
703050,25623,20180710,46.8,24,45.1,24,996.4,24,976.2,18,4.8,24,13.8,24,21.0,32.1,48.7,44.4,0.21G,999.9,010000
703050,25623,20180711,45.6,24,43.0,24,1010.9,24,990.6,16,6.9,24,15.1,24,20.0,29.9,50.0*,44.4*,0.19G,999.9,010000
703050,25623,20180712,48.0,24,41.7,24,1021.4,24,1000.9,16,10.0,24,8.1,24,18.1,33.0,52.2,44.2,0.01G,999.9,010000
703050,25623,20180713,50.5,24,46.1,24,1010.8,23,989.5,14,7.6,24,19.1,24,28.0,46.0,52.7,44.6,0.10G,999.9,010000
703050,25623,20180714,47.5,24,44.8,24,1012.1,24,992.1,18,7.6,24,12.6,24,21.0,28.9,50.0*,46.4*,0.47G,999.9,010000
703050,25623,20180715,49.0,24,44.4,24,1016.3,24,996.8,8,9.6,24,5.9,24,13.0,999.9,52.0*,44.6*,0.34G,999.9,100000
703050,25623,20180716,47.7,24,43.8,24,1018.5,24,998.5,18,9.4,24,10.3,24,14.0,17.1,51.8*,45.5*,0.00G,999.9,010000
703050,25623,20180717,48.2,24,45.2,24,1020.4,24,1000.2,9,8.5,24,4.5,24,9.9,999.9,51.6,45.5,99.99,999.9,010000
703050,25623,20180718,49.2,24,45.4,24,1020.7,24,1000.8,7,10.0,24,8.0,24,14.0,20.0,55.2,45.9,0.00I,999.9,000000
703050,25623,20180719,52.7,24,46.2,24,1022.7,24,1002.6,5,9.8,24,4.8,24,13.0,15.0,57.0,46.6,0.00I,999.9,000000
703050,25623,20180720,55.6,24,47.5,24,1022.4,24,9999.9,0,10.0,24,12.5,24,22.0,26.0,59.7,46.6,0.00I,999.9,000000
703050,25623,20180721,56.5,24,51.4,24,1020.2,24,9999.9,0,10.0,24,24.4,24,28.9,41.0,60.8*,54.5*,99.99,999.9,010000
703050,25623,20180722,56.4,24,50.8,24,1018.6,24,998.7,6,8.9,24,20.5,24,31.1,39.0,59.5,53.8,0.23B,999.9,010000
703050,25623,20180723,54.8,24,50.4,24,1014.8,24,994.7,10,9.1,24,9.8,24,18.1,32.1,56.8,53.6,0.35B,999.9,010000
703050,25623,20180724,54.8,24,53.5,24,1013.9,24,994.2,18,6.1,24,6.6,24,12.0,14.0,59.0,53.4,0.27C,999.9,110000
703050,25623,20180725,56.9,24,54.7,24,1016.5,24,996.8,16,7.8,24,4.5,24,9.9,999.9,59.0,53.4,0.07B,999.9,110000
703050,25623,20180726,55.9,24,53.0,24,1016.0,24,996.3,23,6.6,24,5.2,24,18.1,22.0,59.0*,53.6*,0.16G,999.9,110000
703050,25623,20180727,53.9,24,50.9,24,1014.1,24,994.5,14,7.6,24,14.9,24,21.0,34.0,57.0,52.5,0.41G,999.9,010000
703050,25623,20180728,52.6,24,49.3,24,1013.7,24,994.1,11,8.7,24,16.5,24,22.0,39.0,54.3,50.9,1.35G,999.9,010000
703050,25623,20180729,53.9,24,48.5,24,1010.1,24,990.1,5,9.4,24,24.6,24,35.0,52.1,55.9,50.9,0.75G,999.9,010000
703050,25623,20180730,54.3,24,49.6,24,1012.2,24,991.9,10,8.8,24,19.2,24,29.9,48.0,56.7,52.3,0.77G,999.9,010000
703050,25623,20180731,52.9,24,49.8,24,1013.7,24,993.8,9,9.1,24,16.0,24,22.9,31.1,58.1,49.6,0.00G,999.9,010000
703050,25623,20180801,49.9,24,48.1,24,1013.3,24,993.2,12,5.1,24,16.8,24,22.0,34.0,54.0,49.3,0.20G,999.9,110000
703050,25623,20180802,50.3,24,49.1,24,1001.1,24,982.0,14,4.1,24,13.0,24,22.9,32.1,51.8*,49.1*,0.30G,999.9,110000
703050,25623,20180803,52.8,24,51.5,24,1005.5,24,985.4,11,6.1,24,22.1,24,28.9,36.9,54.1,48.9,0.16G,999.9,010000
703050,25623,20180804,51.4,24,49.8,24,1013.3,24,993.8,12,6.0,24,10.1,24,20.0,999.9,54.3,49.8,0.00G,999.9,110000
703050,25623,20180805,54.8,24,53.4,24,1017.4,24,997.6,20,2.7,24,20.0,24,27.0,38.1,61.0,50.0,0.06G,999.9,110000
703050,25623,20180806,51.9,24,50.6,24,1016.0,24,995.9,17,2.0,24,17.3,24,27.0,36.9,54.7*,50.0*,0.06G,999.9,110000
703050,25623,20180807,51.2,24,50.2,24,1014.1,24,994.4,17,4.7,24,14.2,24,20.0,21.0,54.7,49.3,0.08G,999.9,110000
703050,25623,20180808,51.4,24,47.1,24,1014.5,24,994.6,5,9.7,24,17.0,24,21.0,25.1,53.8,49.5,0.00G,999.9,010000
703050,25623,20180809,50.6,24,46.3,24,1016.6,24,996.4,8,10.0,24,7.6,24,15.9,999.9,54.1*,46.4*,0.00I,999.9,000000
703050,25623,20180810,53.5,24,46.7,24,1010.2,24,988.8,11,7.6,24,14.1,24,33.0,47.0,55.9,46.6,1.98B,999.9,110000
703050,25623,20180811,52.1,24,50.5,24,1008.3,24,988.7,23,3.8,24,15.4,24,24.1,29.9,57.2*,50.9*,0.26D,999.9,110000
703050,25623,20180812,54.1,24,51.5,24,990.6,24,971.3,22,4.5,24,22.2,24,32.1,58.1,58.3,50.0,1.72G,999.9,010000
703050,25623,20180813,50.6,15,49.3,15,993.5,15,972.9,10,2.6,15,23.9,15,32.1,51.1,57.7,49.6,0.97G,999.9,110000
703050,25623,20180815,48.6,19,43.5,19,1012.3,19,992.4,10,9.2,19,12.1,19,17.1,21.0,50.0*,46.4*,0.07G,999.9,010000
703050,25623,20180816,48.5,24,41.1,24,1015.2,24,995.9,5,10.0,24,8.1,24,13.0,20.0,55.4*,45.9*,0.02G,999.9,010000
703050,25623,20180817,51.8,24,45.1,24,1017.5,24,998.0,10,10.0,24,4.5,24,12.0,15.0,57.2,45.9,0.01G,999.9,010000
703050,25623,20180818,52.9,24,44.5,24,1017.9,24,996.8,9,9.5,24,9.7,24,15.0,19.0,58.5,48.7,0.01G,999.9,010000
703050,25623,20180819,55.5,24,51.8,24,1011.9,24,992.1,15,8.7,24,12.1,24,22.9,32.1,59.0*,53.6*,0.34G,999.9,010000
703050,25623,20180820,53.0,24,47.2,24,1012.5,24,992.5,10,8.6,24,11.0,24,17.1,27.0,58.3,49.6,0.24G,999.9,010000
703050,25623,20180821,52.5,24,49.3,24,1010.0,24,990.4,17,9.2,24,4.5,24,13.0,15.9,54.5,49.6,0.31G,999.9,010000
703050,25623,20180822,50.1,24,47.7,24,1013.3,24,993.6,17,8.5,24,13.5,24,22.9,31.1,54.5,49.3,0.05G,999.9,010000
703050,25623,20180823,50.3,24,47.3,24,1009.1,24,989.7,18,8.1,24,12.7,24,22.0,33.0,52.5,49.3,0.64G,999.9,010000
703050,25623,20180824,50.1,24,48.0,24,1011.2,24,991.3,14,6.4,24,13.1,24,15.9,24.1,52.3,48.9,0.08G,999.9,010000
703050,25623,20180825,51.3,24,48.9,24,1007.5,24,988.4,11,7.3,24,14.2,24,32.1,39.0,53.1*,50.0*,0.34G,999.9,010000
703050,25623,20180826,51.0,24,48.5,24,1005.7,24,986.2,13,7.4,24,19.1,24,25.1,44.1,53.6,49.5,1.06G,999.9,110000
703050,25623,20180827,50.0,24,48.4,24,1014.5,24,994.4,15,6.0,24,17.5,24,27.0,36.9,51.8*,48.2*,0.03G,999.9,010000
703050,25623,20180828,50.9,24,45.4,24,1024.0,24,9999.9,0,9.4,24,10.2,24,17.1,999.9,53.8*,49.6*,0.02G,999.9,010000
703050,25623,20180829,54.0,24,46.3,24,1013.4,24,989.1,6,8.4,24,21.4,24,36.9,44.1,56.7,49.5,0.00G,999.9,110000
703050,25623,20180830,50.4,24,46.9,24,1012.5,24,991.9,9,7.7,24,17.0,24,26.0,42.9,56.5,49.3,0.13G,999.9,010000
703050,25623,20180831,49.5,24,46.1,24,1015.0,24,995.2,13,7.6,24,15.9,24,25.1,39.0,50.5,48.2,0.17G,999.9,010000
703050,25623,20180901,50.3,24,47.6,24,1018.3,24,9999.9,0,9.6,24,3.0,24,15.9,999.9,54.1,45.1,0.15G,999.9,010000
703050,25623,20180902,50.6,24,46.8,24,1024.1,24,1003.5,9,10.0,24,7.0,24,17.1,19.0,54.7,45.5,0.00G,999.9,010000
703050,25623,20180903,49.3,24,44.7,24,1026.4,24,1007.0,6,9.8,24,11.0,24,15.0,17.1,51.8*,46.4*,99.99,999.9,010000
703050,25623,20180904,50.8,24,44.2,24,1031.6,24,9999.9,0,10.0,24,11.1,24,15.0,999.9,52.0,48.6,0.00I,999.9,000000
703050,25623,20180905,48.9,24,43.6,24,1032.3,24,9999.9,0,10.0,24,7.0,24,15.0,999.9,52.5,45.9,0.00I,999.9,000000
703050,25623,20180906,49.7,24,46.8,24,1027.3,24,1005.5,9,9.1,24,4.9,24,8.9,999.9,51.8,43.0,0.05B,999.9,010000
703050,25623,20180907,50.2,24,48.3,24,1020.8,24,1001.5,6,9.2,24,16.6,24,24.1,28.0,52.5,46.9,99.99,999.9,110000
703050,25623,20180908,50.6,24,46.1,24,1021.6,24,9999.9,0,10.0,24,8.6,24,22.0,27.0,54.0,46.0,0.00I,999.9,000000
703050,25623,20180909,51.6,24,46.5,24,1020.7,24,9999.9,0,10.0,24,2.5,24,9.9,999.9,55.0,46.2,0.00I,999.9,000000
703050,25623,20180910,50.3,24,48.3,24,1019.6,24,9999.9,0,9.5,24,7.5,24,15.0,999.9,54.3,47.5,0.00I,999.9,000000
703050,25623,20180911,49.2,23,48.3,23,1023.7,23,1003.2,10,5.0,23,3.2,23,8.0,999.9,52.0,45.3,0.01A,999.9,110000
703050,25623,20180912,53.1,24,49.3,24,1027.5,24,1007.1,4,8.2,24,2.0,24,8.0,999.9,58.3*,48.2*,99.99,999.9,110000
703050,25623,20180913,57.4,23,46.6,23,1023.1,23,9999.9,0,10.0,23,4.8,23,22.0,999.9,65.5,50.2,0.00I,999.9,000000
703050,25623,20180914,58.7,24,52.3,24,1015.9,24,996.6,11,9.8,24,16.9,24,24.1,31.1,65.3,52.0,99.99,999.9,010000
703050,25623,20180918,50.3,13,45.8,13,1026.6,13,1006.3,8,10.0,13,11.6,13,15.9,999.9,52.2*,48.2*,0.02G,999.9,010000
703050,25623,20180919,50.3,21,44.9,21,1028.9,21,1008.9,5,10.0,21,11.8,21,17.1,999.9,52.9,48.4,0.00G,999.9,010000
703050,25623,20180920,50.9,13,48.4,13,1023.6,13,1003.4,5,7.0,13,12.9,13,19.0,28.9,51.8*,49.8*,0.02G,999.9,010000
703050,25623,20180921,50.5,24,47.8,24,1014.4,24,991.6,8,7.1,24,15.4,24,28.9,51.1,52.0,47.8,0.17G,999.9,010000
703050,25623,20180922,49.8,24,46.0,24,1002.3,24,982.8,17,8.1,24,19.6,24,32.1,51.1,52.0,47.5,0.84G,999.9,010000
703050,25623,20180923,49.3,24,43.7,24,1004.5,24,985.1,12,9.5,24,17.6,24,27.0,46.0,50.5,47.5,0.11G,999.9,010000
703050,25623,20180924,48.0,20,43.6,20,1003.5,20,983.4,16,9.4,20,10.7,20,22.0,28.0,50.0*,46.4*,0.00G,999.9,010000
703050,25623,20180925,48.2,24,41.0,24,1016.3,24,996.9,6,10.0,24,11.0,24,20.0,29.9,50.4,46.4,0.13G,999.9,010000
703050,25623,20180926,46.7,24,39.7,24,1026.0,24,1005.2,4,10.0,24,3.6,24,11.1,999.9,50.0,41.9,0.02G,999.9,010000
703050,25623,20180927,48.1,24,40.7,24,1017.8,24,9999.9,0,10.0,24,7.6,24,21.0,27.0,50.4*,46.0*,0.00G,999.9,000000
703050,25623,20180928,55.5,24,51.1,24,1007.5,24,987.7,18,8.6,24,27.3,24,38.1,65.1,57.7,45.5,1.01G,999.9,010000
703050,25623,20180929,55.6,24,48.5,24,1009.4,24,989.9,13,10.0,24,25.3,24,31.1,54.0,57.2*,53.6*,0.00G,999.9,010000
703050,25623,20180930,53.9,24,49.1,24,1011.4,24,992.3,11,8.3,24,21.4,24,38.1,60.0,57.2*,51.8*,0.39G,999.9,010000
703050,25623,20181001,53.8,24,46.4,24,1002.5,24,981.5,7,9.9,24,23.2,24,33.0,52.1,55.6,52.2,0.02G,999.9,010000
703050,25623,20181002,51.2,24,48.3,24,999.1,24,979.7,17,7.2,24,16.9,24,25.1,38.1,54.1,47.8,0.27G,999.9,010000
703050,25623,20181003,49.6,24,45.5,24,993.2,24,973.5,14,6.3,24,17.7,24,25.1,44.1,52.9,47.8,0.24G,999.9,010000
703050,25623,20181004,48.6,24,43.9,24,986.9,24,967.5,13,9.6,24,15.0,24,24.1,42.0,51.8,46.9,1.78G,999.9,010000
703050,25623,20181005,49.4,24,43.0,24,999.4,24,978.8,7,10.0,24,15.4,24,22.9,40.0,51.8*,46.4*,0.31G,999.9,010000
703050,25623,20181006,50.5,24,45.9,24,1002.9,24,982.5,10,9.8,24,12.9,24,24.1,38.1,52.3,46.9,0.17G,999.9,010000
703050,25623,20181007,49.6,24,44.9,24,1009.2,24,9999.9,0,10.0,24,9.3,24,15.9,999.9,52.2,47.8,0.08G,999.9,010000
703050,25623,20181008,49.6,24,45.6,24,1018.0,24,998.5,11,10.0,24,13.0,24,20.0,39.0,51.8*,46.4*,0.01G,999.9,010000
703050,25623,20181009,49.7,24,45.8,24,1006.9,24,987.4,11,8.5,24,12.3,24,19.0,47.0,51.8,47.1,0.47G,999.9,010000
703050,25623,20181010,47.6,24,43.6,24,996.2,24,976.3,15,9.6,24,14.4,24,28.0,36.9,50.2,45.1,0.57G,999.9,010000
703050,25623,20181011,47.7,24,42.4,24,997.0,24,977.7,12,8.8,24,18.7,24,26.0,44.1,49.6*,44.6*,0.39G,999.9,010000
703050,25623,20181012,47.0,23,40.9,23,994.6,23,973.4,13,9.4,23,19.7,23,28.0,42.9,50.2,44.8,0.62G,999.9,010000
703050,25623,20181013,45.9,24,39.2,24,999.9,24,980.1,16,9.9,24,19.9,24,25.1,40.0,47.3,43.0,0.09G,999.9,010000
703050,25623,20181014,48.1,24,41.2,24,998.4,24,979.4,7,10.0,24,16.3,24,22.0,36.9,49.1,43.2,0.20G,999.9,010000
703050,25623,20181015,48.4,24,43.9,24,987.5,24,968.1,13,8.8,24,17.7,24,22.9,49.9,50.4,45.9,0.33G,999.9,010000
703050,25623,20181016,49.5,24,44.9,24,981.8,24,962.6,16,10.0,24,13.5,24,20.0,33.0,51.8*,47.8*,0.24G,999.9,010000
703050,25623,20181017,47.5,23,43.7,23,990.5,23,971.1,15,8.8,23,11.3,23,18.1,28.9,50.5,45.7,0.44G,999.9,010000
703050,25623,20181018,47.9,24,43.2,24,998.1,24,978.5,17,8.9,24,11.4,24,17.1,24.1,48.7,45.7,0.78G,999.9,010000
703050,25623,20181019,43.3,24,38.8,24,997.8,24,978.0,10,9.9,24,8.8,24,17.1,22.0,47.8,41.0,0.28G,999.9,010000
703050,25623,20181020,42.7,24,39.1,24,996.1,24,976.3,12,9.1,24,8.9,24,15.0,19.0,44.6*,41.0*,0.07G,999.9,010000
703050,25623,20181021,42.2,24,38.3,24,987.1,24,965.6,7,10.0,24,12.6,24,21.0,999.9,44.6*,39.2*,0.09G,999.9,010000
703050,25623,20181022,43.8,24,41.0,24,988.4,24,968.7,11,8.6,24,8.8,24,15.9,999.9,46.4*,41.0*,0.45G,999.9,010000
703050,25623,20181023,43.6,24,39.4,24,988.5,24,968.8,7,10.0,24,8.6,24,18.1,999.9,46.4*,40.5*,0.00G,999.9,010000
703050,25623,20181024,40.7,24,36.8,24,985.9,24,966.8,9,9.5,24,10.7,24,21.0,24.1,45.3,39.2,99.99,999.9,010000
703050,25623,20181025,39.8,24,33.6,24,991.3,24,9999.9,0,10.0,24,13.1,24,24.1,29.9,42.3,38.3,99.99,999.9,010000
703050,25623,20181026,38.0,23,34.0,23,996.1,23,977.3,6,9.9,23,22.3,23,29.9,36.9,40.6,36.1,0.00H,999.9,010000
703050,25623,20181027,36.0,24,30.0,24,1005.0,24,983.6,8,9.8,24,30.9,24,35.9,45.1,38.7,33.8,0.00H,999.9,010000
703050,25623,20181028,31.5,24,22.5,24,1014.9,24,9999.9,0,10.0,24,25.1,24,35.9,44.1,37.2,29.1,0.00I,999.9,000000
703050,25623,20181029,34.3,24,27.8,24,1015.8,24,993.3,5,9.8,24,10.4,24,19.0,27.0,41.5,26.4,0.14B,999.9,011000
703050,25623,20181030,41.8,24,36.1,24,1012.2,24,991.5,12,9.7,24,14.7,24,25.1,42.9,43.3,27.7,0.15C,999.9,010000
703050,25623,20181031,40.3,24,35.6,24,1015.4,24,9999.9,0,10.0,24,8.6,24,17.1,22.9,43.3,36.1,0.01A,999.9,010000
703050,25623,20181101,37.5,24,33.6,24,1008.5,24,987.0,7,10.0,24,14.8,24,22.0,31.1,41.0*,33.8*,0.00I,999.9,000000
703050,25623,20181102,36.1,24,30.6,24,994.1,24,973.8,4,9.6,24,17.9,24,25.1,36.9,41.0*,31.6*,0.02A,999.9,011000
703050,25623,20181103,37.6,24,34.8,24,987.7,24,965.7,6,10.0,24,16.4,24,25.1,33.0,41.4,31.6,0.01A,999.9,010000
703050,25623,20181104,42.0,24,35.7,24,1006.8,24,992.3,7,8.6,24,4.4,24,13.0,999.9,45.1,36.9,0.00H,999.9,010000
703050,25623,20181105,41.4,24,36.9,24,1019.2,24,998.4,13,9.4,24,8.5,24,18.1,26.0,45.1,38.7,0.02G,999.9,010000
703050,25623,20181106,42.3,24,36.6,24,1017.3,24,997.0,9,9.7,24,13.5,24,25.1,35.9,43.0,39.7,0.09G,999.9,011000
703050,25623,20181107,39.8,24,34.6,24,1019.8,24,999.9,11,10.0,24,6.5,24,17.1,20.0,43.5,37.4,0.11G,999.9,010000
703050,25623,20181108,36.9,24,32.2,24,1019.4,24,999.8,6,9.4,24,11.0,24,24.1,44.1,41.0*,32.9*,0.00G,999.9,011000
703050,25623,20181109,40.0,24,30.9,24,1017.0,24,996.5,14,9.6,24,16.3,24,25.1,51.1,42.8*,37.4*,0.27G,999.9,010000
703050,25623,20181110,38.5,24,30.0,24,1015.5,24,994.4,9,10.0,24,15.2,24,24.1,38.1,41.4,34.3,0.00G,999.9,010000
703050,25623,20181111,36.4,24,33.5,24,997.3,24,976.7,9,9.0,24,14.5,24,27.0,34.0,40.5,32.9,0.06G,999.9,011000
703050,25623,20181112,40.4,24,37.6,24,992.6,24,971.5,8,9.5,24,11.4,24,26.0,40.0,45.5,34.0,0.28G,999.9,010000
703050,25623,20181113,36.5,24,34.0,24,990.6,24,969.5,9,9.4,24,12.9,24,21.0,26.0,43.0*,30.2*,0.06G,999.9,011000
703050,25623,20181114,36.5,24,33.2,23,1002.9,24,980.5,5,8.9,24,2.1,24,9.9,13.0,43.2,30.7,0.00G,999.9,100000
703050,25623,20181115,38.6,24,34.2,24,1012.5,24,9999.9,0,10.0,24,16.8,24,22.9,27.0,42.6,32.7,0.00I,999.9,000000
703050,25623,20181116,39.8,24,35.5,24,1006.6,24,984.3,12,9.6,24,19.5,24,26.0,35.0,42.6,36.9,0.06G,999.9,010000
703050,25623,20181117,42.3,22,40.6,22,995.6,22,975.7,22,5.9,22,11.4,22,20.0,25.1,42.8*,41.0*,0.00G,999.9,010000
703050,25623,20181118,40.4,24,38.8,24,994.4,24,974.6,24,7.0,24,8.2,24,15.0,21.0,42.8*,39.2*,99.99,999.9,110000
703050,25623,20181119,38.3,20,34.5,20,1002.8,20,982.7,20,9.6,20,16.5,20,25.1,33.0,41.0*,35.6*,99.99,999.9,010000
703050,25623,20181120,36.1,21,33.0,21,1000.7,21,980.5,20,9.5,21,8.7,21,22.9,28.9,39.2*,32.0*,99.99,999.9,011000
703050,25623,20181121,33.1,19,30.2,19,1001.0,19,980.7,19,9.2,19,17.1,19,26.0,31.1,35.6*,30.2*,99.99,999.9,011000
703050,25623,20181122,28.1,18,23.8,18,1007.0,18,986.5,8,10.0,18,9.8,18,21.0,22.0,34.3,24.3,0.00I,999.9,000000
703050,25623,20181123,26.0,24,23.1,24,1001.0,24,978.7,9,8.6,24,9.4,24,19.0,999.9,32.0,22.6,0.00H,999.9,011000
703050,25623,20181124,33.8,24,31.9,24,986.7,24,966.5,22,5.1,24,19.5,24,29.9,35.0,38.5,22.6,0.23G,999.9,111000
703050,25623,20181125,34.7,24,32.7,24,981.8,24,962.6,8,9.0,24,10.0,24,19.0,22.0,37.0*,30.7*,0.54G,999.9,010000
703050,25623,20181126,25.1,24,23.9,24,976.3,24,956.7,14,5.8,24,18.2,24,26.0,27.0,37.0,23.0,0.00G,999.9,011000
703050,25623,20181127,29.0,24,24.1,24,985.1,24,965.5,17,8.1,24,26.6,24,31.1,36.9,32.0*,24.8*,0.00H,999.9,011000
703050,25623,20181128,28.7,24,24.0,24,996.8,24,975.4,13,9.8,24,9.0,24,20.0,22.9,31.8,25.0,0.01A,999.9,011000
703050,25623,20181129,29.0,24,21.4,24,1007.4,24,987.6,7,9.8,24,7.2,24,26.0,41.0,33.8*,26.4*,0.01A,1.2,011000
703050,25623,20181130,38.8,24,36.0,24,998.4,24,9999.9,0,5.9,24,19.1,24,31.1,58.1,43.0,23.9,0.81G,999.9,011000
703050,25623,20181201,39.5,24,35.1,24,994.0,24,974.5,14,8.0,24,15.1,24,34.0,69.9,43.7,35.2,0.72G,999.9,010000
703050,25623,20181202,38.8,24,32.2,24,1003.2,24,982.8,19,10.0,24,17.2,24,31.1,60.0,41.0,35.2,0.11G,999.9,011000
703050,25623,20181203,36.8,24,30.7,24,1016.6,24,995.5,9,9.7,24,13.5,24,21.0,35.0,40.8,33.6,0.09G,999.9,011000
703050,25623,20181204,37.3,24,32.9,24,1003.3,24,983.1,12,8.7,24,17.6,24,27.0,41.0,41.7,32.7,0.04G,999.9,011000
703050,25623,20181205,40.5,24,35.2,24,1002.3,24,982.0,5,9.8,24,15.6,24,22.9,44.1,42.1,33.4,0.65G,999.9,010000
703050,25623,20181206,39.7,24,36.6,24,998.7,24,978.0,12,9.4,24,14.1,24,20.0,34.0,42.1,36.0,0.56G,999.9,010000
703050,25623,20181207,31.5,24,26.9,24,994.6,24,974.7,15,9.6,24,16.1,24,24.1,31.1,40.8,27.3,0.03G,999.9,011000
703050,25623,20181208,29.1,24,24.2,24,992.6,24,972.4,15,9.3,24,10.3,24,24.1,27.0,30.9,25.5,0.01G,999.9,011000
703050,25623,20181209,28.4,24,26.0,24,984.6,24,964.3,18,7.2,24,9.3,24,19.0,24.1,32.0*,26.4*,0.06G,999.9,011000
703050,25623,20181210,29.7,24,28.3,23,970.8,24,951.1,17,2.1,24,21.2,24,39.0,49.0,34.7,25.3,0.07G,999.9,111000
703050,25623,20181211,24.5,24,19.4,24,981.7,24,963.0,17,5.6,24,31.5,24,45.1,55.0,26.8*,21.2*,0.02G,999.9,011000
703050,25623,20181212,22.8,24,17.1,24,991.7,24,971.2,19,7.1,24,13.0,24,35.9,42.0,27.0,19.0,0.00G,999.9,001000
703050,25623,20181213,22.9,24,16.6,24,993.4,24,973.1,12,9.0,24,6.8,24,20.0,999.9,25.5,18.9,0.01G,999.9,011000
703050,25623,20181214,20.1,24,11.1,24,990.9,24,970.8,8,8.0,24,16.1,24,28.0,34.0,25.5,15.4,0.01G,999.9,011000
703050,25623,20181215,10.9,24,6.7,24,998.0,24,975.6,9,8.1,24,27.0,24,34.0,41.0,21.6,7.7,0.00G,999.9,001000
703050,25623,20181216,6.5,24,2.9,24,996.2,24,974.7,11,8.8,24,24.8,24,31.1,36.9,11.3,3.9,0.00H,999.9,001000
703050,25623,20181217,5.4,24,2.4,24,991.3,24,970.2,12,3.4,24,26.2,24,34.0,38.1,8.6*,3.2*,0.00D,999.9,101000
703050,25623,20181218,9.2,24,4.7,24,1002.5,24,980.8,6,7.0,24,23.0,24,35.9,42.9,12.2*,6.8*,0.00D,999.9,001000
703050,25623,20181219,8.6,24,3.3,24,1006.4,24,984.6,10,10.0,24,14.4,24,24.1,25.1,14.0*,0.3*,0.00H,5.9,001000
703050,25623,20181220,1.1,24,-3.3,24,1003.9,24,981.7,7,9.7,24,3.4,24,8.0,999.9,12.0,-2.0,0.00H,999.9,001000
703050,25623,20181221,0.3,24,-2.5,24,1004.1,24,981.9,13,10.0,24,2.1,24,5.1,999.9,3.7,-3.1,99.99,999.9,001000
703050,25623,20181222,3.7,24,1.2,24,1005.6,24,983.9,7,7.9,24,4.4,24,11.1,999.9,8.6*,0.1*,0.00H,999.9,001000
703050,25623,20181223,9.4,24,7.5,24,1007.8,24,986.3,5,8.7,24,12.4,24,18.1,999.9,12.9,1.6,0.00D,999.9,001000
703050,25623,20181224,12.6,24,11.1,24,1013.1,24,992.1,6,7.3,24,13.6,24,21.0,999.9,14.0,7.9,0.00D,999.9,101000
703050,25623,20181225,11.3,24,9.6,24,1006.0,24,986.5,9,4.3,24,1.6,24,7.0,999.9,14.0*,8.6*,0.00D,999.9,101000
703050,25623,20181226,13.1,24,11.7,24,1002.5,24,981.4,15,5.9,24,0.8,24,2.9,999.9,16.3,8.8,0.00H,999.9,101000
703050,25623,20181227,19.5,24,18.6,24,1000.9,24,979.8,19,3.0,24,2.3,24,9.9,999.9,22.1,12.9,0.06G,999.9,101000
703050,25623,20181228,9.6,24,7.9,24,1007.7,24,986.2,12,4.1,24,25.1,24,35.9,41.0,15.8*,2.8*,0.03G,999.9,001000
703050,25623,20181229,2.6,24,0.2,24,1015.5,24,992.6,11,8.2,24,15.2,24,31.1,35.9,12.0,-1.5,0.00G,999.9,001000
703050,25623,20181230,26.3,24,22.6,24,991.4,24,970.3,10,5.1,24,27.7,24,45.1,62.0,39.4,-1.3,0.03G,999.9,111000
703050,25623,20181231,35.5,24,33.3,24,975.4,24,956.6,13,6.8,24,20.3,24,28.0,52.1,39.4,26.2,0.27G,999.9,011000
