727458,94919,20180101,-11.8,24,-19.3,24,1042.9,20,987.9,18,8.5,24,7.5,24,15.0,22.0,6.1,-20.0,0.00H,999.9,001000
727458,94919,20180102,-1.3,24,-8.3,24,1026.6,23,972.6,22,9.0,24,7.5,24,11.1,18.1,9.0,-9.0,0.00H,999.9,001000
727458,94919,20180103,-2.0,24,-8.3,24,1025.7,19,971.9,23,8.3,24,10.9,24,18.1,26.0,7.0,-9.0,0.00H,999.9,001000
727458,94919,20180104,-12.7,24,-19.2,24,1033.0,22,978.7,23,9.4,24,1.7,24,8.0,999.9,8.1,-27.0,0.00I,999.9,000000
727458,94919,20180105,-14.2,23,-20.6,23,1037.7,23,982.9,22,10.0,23,2.8,23,6.0,999.9,7.0,-25.1,0.00I,999.9,000000
727458,94919,20180106,-10.4,23,-18.2,23,1035.8,21,979.8,22,9.6,23,6.4,23,18.1,22.9,8.6*,-25.1*,0.00H,999.9,001000
727458,94919,20180107,15.7,22,8.7,22,1011.0,20,959.5,21,8.6,22,10.2,22,22.0,25.1,26.1*,6.8*,0.00H,999.9,001000
727458,94919,20180108,25.2,21,18.9,21,1012.7,20,961.9,20,9.7,21,8.7,21,15.0,20.0,30.9,19.9,0.00B,999.9,000000
727458,94919,20180109,17.6,24,11.5,24,1019.0,24,967.3,23,10.0,24,4.5,24,11.1,15.9,35.1,5.0,0.00I,999.9,000000
727458,94919,20180110,32.6,24,27.4,24,1002.8,21,952.3,23,8.3,24,7.8,24,15.0,18.1,36.0,28.0,0.00H,999.9,010000
727458,94919,20180111,12.1,24,7.9,24,1014.8,8,959.5,24,2.9,24,13.8,24,22.9,28.9,33.8*,-2.0*,0.10G,999.9,111000
727458,94919,20180112,-11.1,23,-18.1,23,1033.8,23,979.7,22,9.6,23,8.6,23,15.9,999.9,0.0,-24.0,0.00G,999.9,001000
727458,94919,20180113,-11.1,24,-18.1,24,1040.7,22,985.9,23,9.8,24,4.5,24,11.1,999.9,5.0,-23.1,0.00H,999.9,001000
727458,94919,20180114,-8.5,24,-12.6,24,1032.1,18,974.9,23,7.1,24,7.0,24,12.0,999.9,5.0,-22.0,0.00H,999.9,101000
727458,94919,20180115,1.2,24,-3.9,24,1031.6,15,976.6,24,7.6,24,11.5,24,18.1,21.0,3.9,-2.9,0.01G,999.9,001000
727458,94919,20180116,0.8,24,-4.2,24,1040.6,22,986.7,23,8.6,24,8.3,24,14.0,999.9,12.0,-6.0,0.00G,999.9,001000
727458,94919,20180117,13.9,24,1.6,24,1023.9,24,971.2,23,10.0,24,6.5,24,9.9,17.1,33.1,3.0,0.00A,999.9,000000
727458,94919,20180118,30.0,24,22.2,24,1010.4,22,959.6,23,10.0,24,6.7,24,13.0,19.0,35.6*,24.1*,0.00I,999.9,000000
727458,94919,20180119,31.8,24,24.4,24,1001.9,24,951.8,23,10.0,24,5.2,24,11.1,999.9,46.0,21.9,0.00I,999.9,000000
727458,94919,20180120,30.6,23,26.1,23,1008.5,22,958.5,22,9.5,23,3.2,23,8.9,999.9,41.0,21.0,0.00I,999.9,100000
727458,94919,20180121,22.4,24,20.6,24,1016.7,15,966.3,23,6.4,24,2.2,24,6.0,999.9,28.9,12.0,0.00I,999.9,100000
727458,94919,20180122,25.7,24,22.6,24,1018.4,21,967.0,23,8.9,24,5.4,24,9.9,17.1,27.0,23.0,0.00H,999.9,001000
727458,94919,20180123,15.1,23,8.5,23,1019.4,23,967.9,22,10.0,23,6.6,23,11.1,999.9,26.1,1.9,0.00I,999.9,000000
727458,94919,20180124,14.6,24,9.9,24,1023.8,21,971.8,23,9.4,24,3.0,24,8.0,999.9,28.0,1.9,0.00H,999.9,001000
727458,94919,20180125,21.6,24,19.3,24,1022.9,20,971.5,23,5.9,24,5.4,24,11.1,15.0,24.8*,19.4*,0.00I,999.9,000000
727458,94919,20180126,28.3,24,23.4,24,1008.4,21,958.3,24,6.1,24,10.0,24,14.0,20.0,39.9,19.9,0.00I,999.9,000000
727458,94919,20180127,23.4,24,17.4,24,1014.5,18,963.4,24,7.9,24,11.1,24,14.0,22.0,28.9*,15.8*,0.00D,999.9,001000
727458,94919,20180128,9.8,24,4.1,24,1033.6,20,980.4,23,9.1,24,7.9,24,13.0,999.9,16.0,5.0,0.00D,999.9,001000
727458,94919,20180129,-1.9,24,-8.0,24,1039.5,24,985.5,23,9.4,24,5.2,24,8.0,999.9,8.1,-9.9,0.00H,999.9,001000
727458,94919,20180130,-2.3,24,-6.7,24,1028.0,21,974.9,20,8.6,24,7.2,24,19.0,28.0,16.0,-16.1,0.00H,999.9,001000
727458,94919,20180131,15.1,23,7.7,23,1006.0,17,953.9,19,8.6,23,13.1,23,22.0,32.1,27.0,8.1,0.00D,999.9,001000
727458,94919,20180201,-4.2,24,-13.4,24,1024.0,21,972.9,18,8.9,24,13.4,24,20.0,26.0,8.1,-9.0,0.00H,999.9,001000
727458,94919,20180202,-5.5,24,-13.5,24,1031.9,22,977.9,23,9.9,24,4.4,24,11.1,999.9,10.9,-18.9,0.00H,999.9,001000
727458,94919,20180203,3.7,24,-1.3,24,1020.0,15,967.1,23,5.1,24,3.7,24,11.1,15.9,7.0,-0.9,0.00D,999.9,001000
727458,94919,20180204,-8.1,24,-15.9,24,1024.6,22,971.4,23,9.8,24,8.3,24,13.0,17.1,3.9,-20.9,0.00H,999.9,001000
727458,94919,20180205,-1.9,24,-9.8,24,1019.9,22,966.9,23,9.8,24,7.6,24,13.0,999.9,9.0,-7.1,0.00H,999.9,001000
727458,94919,20180206,-4.3,24,-12.3,24,1028.7,24,975.0,23,10.0,24,5.6,24,9.9,999.9,12.0,-23.1,0.00H,999.9,001000
727458,94919,20180207,3.6,24,-4.9,24,1028.6,19,975.4,23,8.3,24,3.7,24,8.9,999.9,15.1,-4.0,0.00H,999.9,001000
727458,94919,20180208,-0.3,24,-8.4,24,1029.0,23,975.8,23,9.4,24,6.0,24,13.0,999.9,8.1,-9.0,0.00H,999.9,001000
727458,94919,20180209,-2.0,24,-11.6,24,1031.6,24,977.9,23,9.9,24,4.9,24,8.9,15.0,10.9,-18.9,0.00H,999.9,001000
727458,94919,20180210,1.7,23,-8.4,23,1024.8,23,971.6,22,9.5,23,4.1,23,8.0,999.9,17.1,-11.0,0.00H,999.9,001000
727458,94919,20180211,2.6,24,-5.7,24,1016.8,24,964.2,23,9.5,24,7.4,24,17.1,25.1,16.0,-9.9,0.00H,999.9,001000
727458,94919,20180212,-2.4,24,-12.3,24,1038.6,23,984.7,23,9.5,24,5.8,24,13.0,999.9,12.0,-15.0,0.00H,999.9,001000
727458,94919,20180213,10.0,24,0.1,24,1029.8,21,976.8,23,7.9,24,9.2,24,15.0,25.1,28.0,-6.0,0.00H,999.9,001000
727458,94919,20180214,27.7,24,15.9,24,1008.6,24,957.7,23,10.0,24,7.6,24,12.0,19.0,46.9,14.0,0.00A,999.9,000000
727458,94919,20180215,28.5,24,19.7,24,1008.0,22,957.9,23,9.9,24,11.0,24,15.9,999.9,39.9,19.0,0.00H,999.9,001000
727458,94919,20180216,4.0,24,-6.2,24,1023.9,24,971.3,23,10.0,24,9.2,24,15.9,21.0,19.0,-9.0,0.00I,999.9,000000
727458,94919,20180217,18.1,24,9.7,24,1012.5,23,961.1,23,10.0,24,9.7,24,15.9,21.0,24.1,15.1,0.00H,999.9,001000
727458,94919,20180218,13.0,24,7.4,24,1015.8,17,963.1,23,6.2,24,4.8,24,8.0,999.9,19.0,5.0,0.08C,999.9,101000
727458,94919,20180219,8.7,24,2.4,24,1020.3,22,967.2,24,9.7,24,8.4,24,12.0,14.0,17.6*,3.9*,0.00H,999.9,001000
727458,94919,20180220,8.2,24,3.1,24,1018.8,14,966.4,24,5.6,24,8.0,24,13.0,999.9,12.9,3.9,0.00D,999.9,001000
727458,94919,20180221,6.8,24,-1.7,24,1031.9,22,978.6,24,9.6,24,6.0,24,15.9,21.0,21.9,-6.0,0.03C,999.9,001000
727458,94919,20180222,6.8,24,-3.0,24,1037.3,24,983.9,23,10.0,24,5.5,24,12.0,999.9,25.0,-11.9,0.00H,999.9,001000
727458,94919,20180223,23.2,24,17.7,24,1023.6,14,972.1,24,5.5,24,4.2,24,9.9,999.9,30.9*,19.4*,0.25G,999.9,101000
727458,94919,20180224,10.1,23,3.5,23,1022.2,23,971.4,19,9.8,23,3.1,23,8.0,999.9,25.0*,-9.0*,0.03G,999.9,000000
727458,94919,20180225,23.4,24,18.5,24,1002.0,14,950.5,9,5.9,24,9.1,24,13.0,22.0,30.2*,19.0*,0.26G,999.9,101000
727458,94919,20180226,24.3,24,14.5,24,1013.3,23,961.3,6,9.9,24,7.2,24,11.1,22.0,45.0,8.1,0.00G,999.9,001000
727458,94919,20180227,31.6,23,18.9,23,1016.2,23,965.7,19,10.0,23,3.9,23,9.9,999.9,39.9,19.9,0.00A,999.9,000000
727458,94919,20180228,27.8,24,11.4,24,1015.4,24,964.7,18,10.0,24,2.5,24,8.9,999.9,41.0,12.9,0.00H,999.9,001000
727458,94919,20180301,24.2,24,14.7,24,1019.8,24,969.6,18,10.0,24,3.5,24,8.9,999.9,39.0,7.0,0.00I,999.9,000000
727458,94919,20180302,24.4,24,14.2,24,1029.7,21,978.0,22,9.2,23,3.1,23,11.1,999.9,39.9,5.0,0.00I,999.9,100000
727458,94919,20180303,33.0,23,20.7,23,1030.6,23,979.3,22,10.0,23,5.9,23,11.1,17.1,43.0,23.0,0.00I,999.9,000000
727458,94919,20180304,35.2,24,21.1,24,1026.6,24,975.6,23,10.0,24,9.3,24,13.0,21.0,39.0,33.1,0.00H,999.9,010000
727458,94919,20180305,33.0,24,16.8,24,1018.5,24,967.7,23,10.0,24,10.2,24,15.9,28.9,36.0,28.9,0.00I,999.9,000000
727458,94919,20180306,25.5,23,14.0,23,1016.6,19,965.5,23,8.9,23,8.5,23,18.1,22.0,33.1,19.0,0.00H,999.9,001000
727458,94919,20180307,14.5,24,4.6,24,1020.9,24,969.2,23,9.8,24,6.7,24,12.0,999.9,27.0,3.0,0.00H,999.9,001000
727458,94919,20180308,15.9,24,6.9,24,1021.1,24,969.1,23,10.0,24,4.4,24,8.9,999.9,28.0,5.0,0.00I,999.9,000000
727458,94919,20180309,19.4,24,10.2,24,1018.4,23,966.8,23,8.7,24,2.2,24,6.0,999.9,33.1*,1.4*,0.00H,999.9,101000
727458,94919,20180310,20.6,24,12.2,24,1019.2,24,967.8,23,10.0,24,3.1,24,9.9,999.9,34.0,3.9,0.00H,999.9,011000
727458,94919,20180311,29.9,24,23.9,24,1023.5,19,972.7,23,9.0,24,4.9,24,12.0,999.9,35.1,26.1,0.00H,999.9,001000
727458,94919,20180312,25.8,24,16.6,24,1026.1,24,974.7,24,10.0,24,9.4,24,15.0,999.9,35.1,14.0,0.00I,999.9,000000
727458,94919,20180313,23.6,24,11.4,24,1029.7,24,978.0,23,10.0,24,6.8,24,13.0,999.9,35.1,12.0,0.00A,999.9,000000
727458,94919,20180314,31.1,24,16.1,24,1016.7,24,965.7,23,10.0,24,7.6,24,14.0,999.9,43.0,23.0,0.00I,999.9,000000
727458,94919,20180315,25.5,24,9.8,24,1018.5,24,967.7,23,10.0,24,6.1,24,8.9,14.0,39.0,15.1,0.00I,999.9,000000
727458,94919,20180316,24.3,24,3.5,24,1023.5,24,972.0,23,10.0,24,1.8,24,6.0,999.9,43.0,8.1,0.00I,999.9,000000
727458,94919,20180317,29.7,24,12.9,24,1019.0,24,968.0,23,10.0,24,2.2,24,8.0,999.9,46.9,12.9,0.00I,999.9,000000
727458,94919,20180318,29.0,23,18.7,23,1017.8,20,967.1,22,10.0,23,1.0,23,5.1,999.9,45.0,18.0,0.00I,999.9,000000
727458,94919,20180319,30.2,24,20.5,24,1020.8,23,969.9,23,10.0,24,4.9,24,7.0,999.9,37.0,26.1,0.00H,999.9,001000
727458,94919,20180320,24.7,24,14.7,24,1021.4,24,970.1,23,9.9,24,5.0,24,7.0,999.9,30.9,19.9,0.00H,999.9,001000
727458,94919,20180321,24.9,24,15.8,24,1022.9,23,971.5,24,10.0,24,2.8,24,5.1,999.9,35.1,18.0,0.00I,999.9,000000
727458,94919,20180322,31.1,24,21.2,24,1028.6,24,977.3,23,10.0,24,1.8,24,5.1,999.9,39.0,23.0,0.00I,999.9,000000
727458,94919,20180323,29.4,24,15.6,24,1030.4,24,978.9,23,10.0,24,4.3,24,12.0,20.0,37.9,18.0,0.00I,999.9,000000
727458,94919,20180324,27.3,23,13.7,23,1028.5,23,977.0,22,10.0,23,8.4,23,11.1,20.0,37.0*,21.0*,0.00I,999.9,000000
727458,94919,20180325,28.1,24,15.3,24,1026.1,24,974.7,23,10.0,24,9.3,24,19.0,22.0,37.9,21.9,0.00I,999.9,000000
727458,94919,20180326,31.9,23,24.0,23,1023.3,11,971.3,22,5.4,23,5.4,23,8.9,999.9,36.0*,28.4*,0.40C,999.9,111000
727458,94919,20180327,33.9,24,27.7,24,1016.4,20,965.9,24,7.2,24,5.7,24,12.0,999.9,46.0*,28.4*,0.02C,999.9,001000
727458,94919,20180328,37.0,24,28.0,24,1010.9,23,961.0,23,10.0,24,10.1,24,17.1,22.0,45.0,30.0,0.00I,999.9,000000
727458,94919,20180329,23.6,24,13.8,24,1020.6,24,969.5,23,9.9,24,10.4,24,15.9,19.0,30.0,16.0,0.00D,999.9,001000
727458,94919,20180330,19.2,24,8.4,24,1023.9,21,972.9,20,7.9,24,5.9,24,11.1,14.0,28.0*,10.4*,0.00H,999.9,001000
727458,94919,20180331,16.9,24,4.1,24,1020.4,23,968.4,20,8.6,24,10.2,24,19.0,24.1,24.1,12.0,0.00H,999.9,001000
727458,94919,20180401,15.3,24,3.6,24,1022.1,24,969.5,18,10.0,24,9.3,24,14.0,19.0,28.0,6.1,0.00H,999.9,001000
727458,94919,20180402,19.5,24,10.1,24,1016.9,22,965.4,23,8.9,24,3.1,24,9.9,15.9,27.0,10.0,0.00H,999.9,001000
727458,94919,20180403,21.8,24,9.3,24,1017.8,22,966.6,23,9.1,24,6.7,24,13.0,15.9,26.1,17.1,0.00H,999.9,001000
727458,94919,20180404,18.1,24,3.8,24,1021.3,24,969.5,23,10.0,24,7.5,24,14.0,19.0,30.0,5.0,0.00I,999.9,000000
727458,94919,20180405,22.2,24,13.8,24,1020.4,17,968.3,23,7.3,24,5.9,24,12.0,17.1,28.9,12.0,0.00H,999.9,001000
727458,94919,20180406,14.8,24,6.1,24,1020.7,15,967.9,23,7.1,24,13.9,24,24.1,28.9,24.8*,6.8*,0.00H,999.9,001000
727458,94919,20180407,16.7,24,4.7,24,1023.2,23,971.2,24,9.7,24,11.5,24,19.0,999.9,26.1,8.1,0.00H,999.9,001000
727458,94919,20180408,19.1,23,3.0,23,1020.5,23,968.7,22,10.0,23,2.6,23,8.9,999.9,33.1,0.0,0.00I,999.9,000000
727458,94919,20180409,26.8,24,7.6,24,1023.1,24,971.9,23,10.0,24,5.2,24,12.0,19.0,35.1,18.0,0.00I,999.9,000000
727458,94919,20180410,26.0,24,16.2,24,1022.3,21,970.4,23,9.3,24,5.8,24,9.9,15.0,35.1,14.0,0.00H,999.9,011000
727458,94919,20180411,34.8,23,21.2,23,1013.5,19,963.1,23,9.5,23,4.0,23,11.1,999.9,46.9,14.0,0.00A,999.9,000000
727458,94919,20180412,33.9,23,28.7,23,1009.5,14,959.4,23,7.0,23,4.0,23,8.0,999.9,44.1,30.0,0.33G,999.9,111000
727458,94919,20180413,32.6,23,12.3,23,1016.7,23,966.3,22,10.0,23,5.7,23,13.0,19.0,39.0,26.1,0.00G,999.9,000000
727458,94919,20180414,28.3,24,6.5,24,1027.2,24,976.1,23,10.0,24,8.7,24,12.0,22.0,36.0,23.0,0.00I,999.9,000000
727458,94919,20180415,23.7,24,12.8,24,1027.7,17,975.7,23,6.4,24,8.4,24,15.0,22.9,28.0*,19.4*,0.00D,999.9,101000
727458,94919,20180416,25.2,24,19.2,24,1020.3,15,970.0,23,6.0,24,10.3,24,17.1,22.9,35.1,21.0,0.03G,999.9,101000
727458,94919,20180417,31.7,23,17.9,23,1018.2,23,967.4,22,10.0,23,7.6,23,14.0,17.1,46.9,19.9,0.00G,999.9,000000
727458,94919,20180418,36.8,24,18.6,24,1019.3,24,968.8,23,10.0,24,5.5,24,9.9,19.0,46.9,26.1,0.00I,999.9,000000
727458,94919,20180419,38.2,24,14.0,24,1029.5,24,978.6,23,10.0,24,1.9,24,6.0,999.9,53.1,21.9,0.00I,999.9,000000
727458,94919,20180420,40.7,24,22.1,24,1031.5,24,980.7,23,10.0,24,1.2,24,4.1,999.9,55.0,25.0,0.00I,999.9,000000
727458,94919,20180421,43.2,24,23.7,24,1030.3,24,979.6,23,10.0,24,3.2,24,7.0,999.9,57.0,25.0,0.00I,999.9,000000
727458,94919,20180422,44.9,24,25.6,24,1027.6,24,977.2,23,10.0,24,5.0,24,9.9,17.1,61.0,28.0,0.00I,999.9,000000
727458,94919,20180423,51.8,24,34.2,24,1023.3,24,973.4,23,10.0,24,5.9,24,12.0,19.0,66.9,33.1,0.00I,999.9,000000
727458,94919,20180424,45.1,24,28.6,24,1024.1,23,974.2,23,10.0,24,7.1,24,17.1,22.9,63.0,34.0,0.00H,999.9,010000
727458,94919,20180425,40.5,24,23.1,24,1024.2,24,973.6,23,10.0,24,4.5,24,12.0,14.0,59.0,21.9,0.00I,999.9,000000
727458,94919,20180426,47.4,24,28.5,24,1012.8,24,963.3,23,10.0,24,10.3,24,19.0,25.1,55.9,37.9,0.00I,999.9,000000
727458,94919,20180427,41.4,24,29.7,24,1012.3,21,962.9,23,10.0,24,5.2,24,9.9,15.0,53.1,30.9,0.02B,999.9,010000
727458,94919,20180428,39.9,24,25.4,24,1023.7,24,973.2,23,10.0,24,3.0,24,8.9,999.9,54.0,25.0,0.00I,999.9,000000
727458,94919,20180429,48.4,24,20.7,24,1021.2,24,971.3,22,10.0,24,12.2,24,22.0,27.0,66.0,33.1,0.00I,999.9,000000
727458,94919,20180430,57.1,24,38.1,24,1009.4,24,961.3,18,9.9,24,11.3,24,19.0,22.9,69.1,46.9,0.05B,999.9,010000
727458,94919,20180501,52.3,24,44.6,24,1006.3,21,957.5,18,10.0,24,6.9,24,14.0,15.9,66.9,42.1,0.04B,999.9,010010
727458,94919,20180502,46.4,24,35.8,24,1013.1,23,963.5,23,10.0,24,6.0,24,9.9,18.1,61.0,39.9,0.00I,999.9,000000
727458,94919,20180503,55.5,24,34.0,24,1012.7,24,963.4,23,10.0,24,4.8,24,11.1,15.9,66.9,39.0,0.00A,999.9,000000
727458,94919,20180504,55.9,24,31.5,24,1011.0,24,962.0,23,10.0,24,7.3,24,20.0,27.0,71.1,36.0,0.00I,999.9,000000
727458,94919,20180505,58.7,23,32.0,23,1015.3,23,966.2,22,10.0,23,6.5,23,13.0,17.1,73.9,35.1,0.00A,999.9,000000
727458,94919,20180506,56.2,24,38.3,24,1019.5,24,970.2,23,10.0,24,3.1,24,12.0,15.0,71.1,37.9,0.00H,999.9,010000
727458,94919,20180507,61.0,24,36.1,24,1017.6,24,968.5,23,10.0,24,4.5,24,14.0,15.9,82.0,35.1,0.00I,999.9,000000
727458,94919,20180508,60.0,24,45.5,24,1016.4,24,967.6,23,10.0,24,5.1,24,9.9,15.9,79.0,45.0,0.01C,999.9,010000
727458,94919,20180509,45.7,19,43.4,18,1010.4,15,960.4,19,9.3,19,5.8,19,12.0,19.0,50.0*,42.1*,0.22C,999.9,010000
727458,94919,20180510,44.3,23,26.6,23,1017.4,22,967.1,23,10.0,23,9.2,23,19.0,20.0,52.0,30.9,0.00I,999.9,000000
727458,94919,20180511,44.6,24,21.2,24,1020.7,24,970.5,23,10.0,24,3.5,24,8.0,999.9,60.1,28.9,0.00I,999.9,000000
727458,94919,20180512,49.4,24,22.3,24,1021.4,24,971.5,23,9.9,24,2.4,24,7.0,999.9,64.9,28.9,0.00I,999.9,000000
727458,94919,20180513,57.7,24,31.6,24,1016.7,24,967.3,23,10.0,24,5.0,24,9.9,17.1,73.9,43.0,0.00I,999.9,000000
727458,94919,20180514,65.8,24,45.0,24,1011.8,24,963.3,23,10.0,24,5.5,24,11.1,15.0,77.0,54.0,0.00I,999.9,000000
727458,94919,20180515,60.2,24,30.3,24,1016.8,24,967.9,23,10.0,24,5.5,24,12.0,18.1,75.0,37.0,0.00I,999.9,000000
727458,94919,20180516,71.1,24,44.5,24,1012.5,24,964.1,23,10.0,24,8.8,24,14.0,20.0,84.0,61.0,0.00I,999.9,000000
727458,94919,20180517,53.0,22,36.4,22,1020.1,21,970.9,21,10.0,22,6.6,22,9.9,19.0,77.0,43.0,0.06B,999.9,010010
727458,94919,20180518,57.3,23,35.2,23,1016.6,23,967.1,22,10.0,23,9.0,23,18.1,24.1,79.0,39.9,0.00I,999.9,000000
727458,94919,20180519,52.9,24,45.7,24,1016.7,21,967.6,23,10.0,24,7.7,24,14.0,20.0,75.9,44.1,0.11G,999.9,010000
727458,94919,20180520,50.6,24,34.1,24,1025.4,24,975.3,23,9.8,24,2.1,24,7.0,999.9,69.1,32.0,0.00G,999.9,000000
727458,94919,20180521,55.1,24,36.3,24,1020.9,24,971.3,23,10.0,24,3.9,24,11.1,999.9,73.0,36.0,0.00H,999.9,010000
727458,94919,20180522,60.3,24,48.4,24,1017.5,21,968.4,23,10.0,24,2.5,24,8.9,999.9,75.0,51.1,0.00I,999.9,000000
727458,94919,20180523,65.5,23,55.0,23,1019.1,20,970.2,22,8.7,23,4.4,23,9.9,999.9,82.0,48.0,0.00I,999.9,100000
727458,94919,20180524,70.1,24,63.5,24,1015.5,17,967.2,23,8.9,24,7.4,24,14.0,18.1,82.0,63.0,0.44G,999.9,010010
727458,94919,20180525,74.5,24,60.9,24,1006.8,24,958.9,23,10.0,24,6.5,24,8.9,18.1,84.9,64.9,0.68G,999.9,000000
727458,94919,20180526,73.0,24,56.5,24,1004.4,23,956.7,24,10.0,24,7.0,24,15.9,24.1,86.0,59.0,0.00G,999.9,010010
727458,94919,20180527,68.5,24,58.9,24,1009.9,21,961.9,23,9.3,24,2.3,24,15.0,19.0,82.0,54.0,0.00A,999.9,000000
727458,94919,20180528,72.5,24,62.5,24,1013.9,18,965.3,24,9.1,24,3.9,24,7.0,14.0,84.0*,62.1*,0.34G,999.9,010010
727458,94919,20180529,71.5,23,59.7,23,1012.6,21,964.2,22,9.5,23,6.0,23,11.1,27.0,88.0,60.1,0.00G,999.9,010010
727458,94919,20180530,66.1,24,62.7,24,1006.4,18,959.4,21,7.3,24,5.3,24,9.9,999.9,75.0,62.1,0.99G,999.9,010010
727458,94919,20180531,65.3,24,62.2,24,1004.9,20,956.1,20,9.2,24,5.6,24,13.0,14.0,70.0*,62.6*,0.12G,999.9,000000
727458,94919,20180601,58.1,24,52.0,24,1016.1,22,968.5,18,9.7,24,6.6,24,11.1,20.0,70.0,50.0,0.00G,999.9,000000
727458,94919,20180602,46.6,24,42.6,24,1015.6,17,966.4,23,9.1,24,7.3,24,12.0,19.0,51.8*,42.8*,0.04G,999.9,010000
727458,94919,20180603,52.6,24,47.7,24,1012.2,15,962.6,24,8.1,24,11.3,24,21.0,28.9,62.1,48.0,0.59G,999.9,010000
727458,94919,20180604,60.0,24,47.2,24,1014.5,23,965.4,23,10.0,24,6.5,24,13.0,19.0,73.0,46.0,0.00G,999.9,000000
727458,94919,20180605,57.6,24,43.1,24,1013.6,24,964.7,23,10.0,24,4.3,24,8.9,999.9,70.0,41.0,0.00I,999.9,000000
727458,94919,20180606,61.7,23,48.7,23,1012.1,21,963.6,22,9.7,23,7.9,23,15.9,22.0,72.0*,46.4*,0.27G,999.9,010000
727458,94919,20180607,59.1,24,47.4,24,1018.8,21,969.6,23,9.1,24,3.0,24,14.0,999.9,72.0*,42.8*,0.02G,999.9,000000
727458,94919,20180608,60.9,23,51.5,23,1020.7,22,971.5,22,10.0,23,5.9,23,14.0,20.0,77.0,44.1,0.00G,999.9,000000
727458,94919,20180609,60.0,24,54.0,24,1017.2,22,968.2,23,9.8,24,6.3,24,8.9,999.9,69.1,53.1,0.00H,999.9,010000
727458,94919,20180610,64.4,24,56.6,24,1015.1,22,966.3,23,10.0,24,7.1,24,13.0,18.1,75.0,53.1,0.00I,999.9,000000
727458,94919,20180611,61.1,23,52.6,23,1013.3,18,964.7,22,9.9,23,6.3,23,14.0,22.0,73.0,54.0,99.99,999.9,010000
727458,94919,20180612,64.5,23,58.4,23,1013.2,17,964.5,21,9.0,23,4.5,23,8.0,999.9,71.1,59.0,0.02B,999.9,010000
727458,94919,20180613,64.7,23,46.8,23,1014.8,23,966.1,22,9.9,21,5.5,23,8.0,15.0,75.9,51.1,0.00I,999.9,000000
727458,94919,20180614,65.1,24,50.4,24,1014.7,24,966.0,23,10.0,24,5.8,24,14.0,19.0,80.1,48.9,0.00A,999.9,000000
727458,94919,20180615,66.2,24,58.9,24,1008.2,18,960.5,23,9.9,24,8.5,24,15.9,22.9,77.0,60.1,0.27G,999.9,010010
727458,94919,20180616,67.2,24,63.7,24,1009.0,21,960.6,23,9.4,24,5.6,24,12.0,999.9,78.8*,60.1*,0.09G,999.9,010010
727458,94919,20180617,70.6,24,67.2,24,1008.8,11,961.2,23,9.8,24,5.1,24,14.0,17.1,75.2*,66.2*,0.00G,999.9,010010
727458,94919,20180618,67.2,24,55.8,24,1016.8,23,968.0,23,10.0,24,4.6,24,8.9,14.0,77.0,55.9,0.03G,999.9,000000
727458,94919,20180619,65.4,23,53.9,23,1018.8,22,970.0,22,9.0,23,2.0,23,8.9,999.9,77.0,52.0,0.00G,999.9,000000
727458,94919,20180620,69.0,24,56.4,24,1015.2,23,966.5,23,9.5,24,2.3,24,6.0,999.9,81.0,55.0,0.00I,999.9,000000
727458,94919,20180621,67.5,24,55.9,24,1014.4,24,965.9,23,9.0,24,2.1,24,8.0,999.9,80.1,53.1,0.00I,999.9,000000
727458,94919,20180622,67.6,23,55.8,23,1013.5,22,964.9,22,9.0,23,2.2,23,8.0,999.9,82.9,51.1,0.00A,999.9,000000
727458,94919,20180623,68.9,23,59.3,23,1008.8,21,960.6,22,8.4,23,1.8,23,4.1,999.9,81.0,55.0,0.00I,999.9,100000
727458,94919,20180624,62.0,24,51.7,24,1014.9,24,966.4,23,10.0,24,4.9,24,8.0,17.1,75.9,53.1,0.00I,999.9,000000
727458,94919,20180625,60.3,24,50.2,24,1020.7,24,971.4,23,10.0,24,5.4,24,8.0,999.9,75.0,50.0,0.00I,999.9,000000
727458,94919,20180626,62.7,24,55.6,24,1015.8,23,966.8,23,9.9,24,2.9,24,8.0,15.0,73.0,55.0,0.00H,999.9,010000
727458,94919,20180627,65.4,24,59.8,24,1011.5,21,962.8,23,9.8,24,3.0,24,8.0,999.9,80.1,54.0,0.00H,999.9,010000
727458,94919,20180628,65.2,24,60.9,24,1010.8,14,962.6,20,8.4,24,3.7,24,8.9,999.9,79.0,54.0,0.22A,999.9,110010
727458,94919,20180629,69.9,24,67.0,24,1006.5,16,958.4,22,8.7,24,4.6,24,21.0,36.9,82.4*,60.8*,0.39A,999.9,110010
727458,94919,20180630,73.7,24,69.2,24,1006.5,17,958.2,18,9.0,24,5.0,24,13.0,17.1,81.0,64.0,99.99,999.9,010010
727458,94919,20180701,65.1,24,61.6,24,1009.6,22,961.3,19,10.0,24,4.8,24,8.9,999.9,78.1,59.0,0.13A,999.9,010000
727458,94919,20180702,67.0,24,58.9,24,1011.9,23,963.4,23,9.8,24,4.9,24,9.9,999.9,79.0*,57.0*,0.09B,999.9,010000
727458,94919,20180703,71.0,24,64.6,24,1015.2,20,966.8,24,9.9,24,4.6,24,9.9,999.9,82.0*,64.4*,0.27G,999.9,010010
727458,94919,20180704,74.4,24,68.3,24,1017.8,20,969.6,23,9.3,24,6.9,24,15.9,25.1,82.0*,64.4*,0.00G,999.9,010010
727458,94919,20180705,70.5,24,56.7,24,1025.9,23,977.0,23,10.0,24,9.7,24,15.0,21.0,82.0,63.0,0.34G,999.9,000000
727458,94919,20180706,66.5,24,55.8,24,1030.8,21,981.6,23,7.8,24,2.8,24,8.0,999.9,79.0,53.1,0.00G,999.9,000000
727458,94919,20180707,71.5,24,62.8,24,1022.4,24,973.5,23,10.0,24,9.5,24,17.1,22.9,82.9,60.1,0.00I,999.9,000000
727458,94919,20180708,75.7,24,69.4,24,1016.5,18,968.4,23,9.7,24,8.0,24,14.0,15.0,84.9,71.1,99.99,999.9,010010
727458,94919,20180709,72.3,24,63.1,24,1019.9,21,971.2,24,8.8,24,5.6,24,13.0,17.1,82.0,64.9,0.52A,999.9,010010
727458,94919,20180710,68.7,24,57.4,24,1022.2,22,973.3,23,9.6,24,2.4,24,8.0,999.9,81.0*,55.4*,0.00I,999.9,000000
727458,94919,20180711,70.1,24,62.3,24,1017.5,23,968.9,23,10.0,24,7.4,24,14.0,21.0,78.1*,62.6*,0.00A,999.9,000000
727458,94919,20180712,75.7,24,66.8,24,1014.1,18,965.7,24,9.8,24,8.1,24,19.0,26.0,82.9,68.0,0.03A,999.9,010010
727458,94919,20180713,75.1,24,61.9,24,1017.0,23,968.7,23,10.0,24,4.5,24,8.0,14.0,84.9,68.0,0.00I,999.9,000000
727458,94919,20180714,73.8,24,63.4,24,1017.6,24,969.2,23,9.5,24,2.4,24,8.0,999.9,86.0,60.1,0.00I,999.9,000000
727458,94919,20180715,70.6,23,63.0,23,1015.1,18,967.0,22,10.0,23,6.0,23,11.1,999.9,82.9,64.9,0.00I,999.9,000000
727458,94919,20180716,67.6,24,54.0,24,1016.1,24,967.5,23,10.0,24,8.2,24,18.1,22.9,72.0,62.1,0.00I,999.9,000000
727458,94919,20180717,62.6,23,52.6,23,1021.1,20,972.0,22,8.9,23,2.0,23,8.9,999.9,75.0,50.0,0.00I,999.9,000000
727458,94919,20180718,66.0,22,56.4,22,1019.5,21,970.6,21,9.6,22,2.9,22,8.0,999.9,79.0,50.0,0.00I,999.9,000000
727458,94919,20180719,67.2,24,61.2,24,1012.4,24,963.9,23,9.6,24,3.8,24,13.0,17.1,80.1,55.9,99.99,999.9,010000
727458,94919,20180720,68.0,24,64.1,24,1011.0,17,962.9,23,9.9,24,5.4,24,11.1,15.0,75.0,64.0,0.54D,999.9,010010
727458,94919,20180721,66.1,24,62.0,24,1018.3,18,969.5,24,8.8,24,4.5,24,8.9,999.9,77.0,57.9,0.24B,999.9,110000
727458,94919,20180722,65.7,24,60.1,24,1020.7,18,972.0,23,8.3,24,2.7,24,8.0,999.9,75.0,55.0,0.00I,999.9,100000
727458,94919,20180723,66.5,24,59.6,24,1018.5,19,969.6,23,9.4,24,3.8,24,11.1,14.0,79.0,55.9,0.00B,999.9,000000
727458,94919,20180724,69.0,22,56.7,22,1018.1,22,969.4,21,10.0,22,7.6,22,14.0,20.0,77.0,55.0,0.00I,999.9,000000
727458,94919,20180725,64.5,23,56.6,23,1016.2,23,967.4,22,10.0,23,5.7,23,15.0,21.0,75.0,55.0,0.00H,999.9,010000
727458,94919,20180726,60.5,24,53.1,24,1014.9,18,966.3,23,10.0,24,12.6,24,18.1,22.0,66.9,55.9,0.00A,999.9,000000
727458,94919,20180727,59.5,24,49.3,24,1019.2,22,970.0,23,8.6,24,4.8,24,13.0,14.0,72.0,46.9,0.00I,999.9,100000
727458,94919,20180728,65.0,24,55.2,24,1020.3,23,971.2,23,10.0,24,2.8,24,11.1,999.9,78.1,53.1,0.00I,999.9,000000
727458,94919,20180729,65.3,24,56.8,24,1020.3,19,971.3,24,8.6,24,2.4,24,8.9,999.9,78.8*,51.8*,0.00H,999.9,110000
727458,94919,20180730,66.8,24,56.6,24,1020.4,17,971.7,22,7.4,24,2.3,24,8.0,999.9,81.0,52.0,0.00I,999.9,100000
727458,94919,20180731,70.7,24,58.6,24,1017.0,24,969.1,18,9.9,24,4.7,24,9.9,14.0,82.9,55.9,0.00I,999.9,000000
727458,94919,20180801,61.8,23,56.8,23,1015.0,18,966.5,18,9.7,23,6.6,23,11.1,20.0,80.1,54.0,0.03C,999.9,010000
727458,94919,20180802,55.0,24,47.6,24,1017.8,17,968.6,23,7.8,24,2.3,24,7.0,999.9,68.0,41.0,0.00A,999.9,100000
727458,94919,20180803,59.6,24,55.4,24,1014.6,21,965.3,23,10.0,24,5.9,24,13.0,17.1,72.0,51.1,0.01G,999.9,010010
727458,94919,20180804,68.0,24,63.5,24,1009.0,20,960.3,23,10.0,24,7.5,24,18.1,24.1,75.9,62.1,0.00G,999.9,010000
727458,94919,20180805,73.6,24,63.4,24,1010.3,24,962.0,24,9.9,24,5.1,24,8.9,18.1,84.0,64.0,0.00I,999.9,000000
727458,94919,20180806,65.9,24,56.2,24,1016.5,22,968.1,23,10.0,24,5.6,24,11.1,999.9,78.1,54.0,0.00I,999.9,000000
727458,94919,20180807,62.6,24,53.6,24,1016.2,17,967.6,24,8.4,24,1.7,24,6.0,999.9,79.0,46.9,0.00I,999.9,100000
727458,94919,20180808,70.7,24,63.1,24,1011.1,24,962.7,23,9.8,24,6.0,24,13.0,999.9,82.9,61.0,0.00I,999.9,000000
727458,94919,20180809,71.7,24,59.9,24,1013.9,24,965.6,23,9.2,24,5.2,24,12.0,999.9,82.9,61.0,0.00I,999.9,000000
727458,94919,20180810,69.7,24,59.8,24,1016.9,18,968.5,23,7.6,24,2.0,24,6.0,999.9,84.0*,55.4*,0.00I,999.9,100000
727458,94919,20180811,73.3,24,65.8,24,1016.8,22,968.5,23,6.5,24,2.4,24,5.1,999.9,86.0*,62.6*,0.00I,999.9,100000
727458,94919,20180812,73.3,24,66.8,24,1018.5,19,970.1,23,5.6,24,6.0,24,12.0,17.1,86.0,63.0,0.00I,999.9,100000
727458,94919,20180813,76.1,24,67.0,24,1015.1,24,966.9,23,9.9,24,7.9,24,11.1,14.0,88.0,66.9,0.00I,999.9,000000
727458,94919,20180814,69.2,24,59.2,24,1014.6,23,966.3,23,10.0,24,6.3,24,12.0,15.0,84.0,61.0,0.00I,999.9,000000
727458,94919,20180815,63.3,24,54.0,24,1016.1,22,967.3,23,9.3,24,2.2,24,5.1,999.9,77.0,50.0,0.00I,999.9,100000
727458,94919,20180816,64.3,24,55.5,24,1016.8,16,967.9,24,7.2,24,1.4,24,5.1,999.9,81.0*,48.2*,0.00I,999.9,100000
727458,94919,20180817,68.1,24,60.4,24,1018.9,23,970.2,23,8.8,24,1.6,24,6.0,999.9,81.0,59.0,0.00I,999.9,100000
727458,94919,20180818,65.6,24,61.2,24,1018.5,13,970.5,23,6.3,24,5.0,24,8.0,999.9,77.0*,57.2*,0.00I,999.9,100000
727458,94919,20180819,67.9,23,64.4,23,1014.5,21,966.0,22,9.1,23,3.6,23,8.9,999.9,75.2*,62.1*,0.00I,999.9,000000
727458,94919,20180820,66.7,24,57.9,24,1017.5,24,968.8,24,7.6,24,5.8,24,8.0,14.0,75.0,61.0,0.00I,999.9,000000
727458,94919,20180821,61.4,24,53.4,24,1020.3,17,971.1,24,6.4,24,2.9,24,12.0,14.0,73.9,51.1,99.99,999.9,110000
727458,94919,20180822,64.1,23,49.0,23,1020.7,23,971.5,22,10.0,23,5.1,23,11.1,15.9,79.0,48.9,0.00I,999.9,000000
727458,94919,20180823,68.1,24,53.7,24,1014.4,24,965.9,23,10.0,24,6.8,24,11.1,18.1,78.1,55.9,0.00I,999.9,000000
727458,94919,20180824,66.1,23,62.2,23,1008.8,13,959.9,22,8.5,23,4.8,23,8.9,999.9,70.0*,62.6*,0.55A,999.9,010010
727458,94919,20180825,65.8,23,62.4,23,1012.0,14,963.1,23,7.4,23,4.5,23,8.0,999.9,73.9,59.0,0.00I,999.9,100000
727458,94919,20180826,66.1,24,63.3,24,1012.7,20,963.9,23,8.7,24,5.2,24,15.0,19.0,73.0,61.0,0.00H,999.9,010010
727458,94919,20180827,66.0,24,61.5,24,1005.4,16,957.3,23,9.7,24,8.5,24,15.0,22.0,72.0,57.0,0.00H,999.9,010000
727458,94919,20180828,53.3,24,50.3,24,1011.6,13,963.1,24,9.3,23,5.9,24,11.1,999.9,57.0,50.0,99.99,999.9,010000
727458,94919,20180829,55.4,24,49.3,24,1019.0,19,969.5,23,8.6,24,2.3,24,5.1,999.9,66.9*,42.8*,0.00I,999.9,100000
727458,94919,20180830,59.6,24,52.4,24,1019.6,24,970.6,21,9.9,24,8.8,24,17.1,26.0,73.0,48.9,0.00I,999.9,000000
727458,94919,20180831,67.6,23,63.0,23,1010.7,20,962.6,18,9.2,23,8.7,23,12.0,15.9,75.0,64.0,99.99,999.9,010000
727458,94919,20180901,68.5,24,61.6,24,1011.8,15,963.0,21,7.6,24,4.7,24,11.1,999.9,79.0,57.9,99.99,999.9,110000
727458,94919,20180902,62.2,24,57.5,24,1013.4,20,964.5,23,8.9,24,4.8,24,14.0,15.9,73.9,52.0,0.13B,999.9,010010
727458,94919,20180903,59.1,24,49.8,24,1021.2,17,972.1,24,7.2,24,3.3,24,9.9,999.9,73.9,43.0,0.00I,999.9,100000
727458,94919,20180904,65.5,24,60.8,24,1018.0,16,968.9,23,8.7,24,5.1,24,8.0,999.9,73.0,60.1,99.99,999.9,110000
727458,94919,20180905,61.8,24,50.2,24,1022.9,22,973.5,23,10.0,24,8.7,24,14.0,15.9,71.1,53.1,0.00I,999.9,000000
727458,94919,20180906,52.9,24,41.8,24,1030.6,22,980.6,23,9.2,24,1.1,24,5.1,999.9,69.1,36.0,0.00I,999.9,000000
727458,94919,20180907,60.0,24,50.7,24,1029.3,24,979.5,10,9.9,24,1.6,24,6.0,999.9,71.1,54.0,0.01G,999.9,010000
727458,94919,20180908,60.7,22,50.2,22,1027.1,22,9999.9,0,10.0,22,6.4,22,14.0,17.1,70.0*,51.1*,0.00G,999.9,000000
727458,94919,20180909,57.8,24,50.7,24,1020.5,21,9999.9,0,10.0,24,8.6,24,15.9,22.0,70.0,48.9,0.00I,999.9,000000
727458,94919,20180910,61.4,24,54.6,24,1015.0,22,9999.9,0,10.0,24,5.8,24,12.0,18.1,72.0,54.0,0.00A,999.9,000000
727458,94919,20180911,65.8,24,58.8,24,1011.5,15,963.9,24,6.4,24,8.3,24,22.0,27.0,80.1,53.1,0.00I,999.9,100000
727458,94919,20180912,68.1,24,61.5,24,1013.1,20,965.4,23,10.0,24,6.7,24,15.0,21.0,73.9,64.0,0.00I,999.9,000000
727458,94919,20180913,69.2,23,62.0,23,1014.7,22,966.2,22,9.9,23,10.4,23,15.9,22.9,75.0,62.1,0.00I,999.9,000000
727458,94919,20180914,69.3,24,65.0,24,1017.0,22,968.5,23,9.7,24,4.2,24,9.9,999.9,73.0,63.0,0.00A,999.9,000000
727458,94919,20180915,63.8,24,62.6,24,1020.0,11,971.0,24,6.0,24,4.6,24,31.1,47.0,69.1,60.1,0.00H,999.9,010010
727458,94919,20180916,69.8,23,64.4,23,1015.0,17,969.3,14,7.2,23,9.1,23,17.1,25.1,84.9*,62.6*,0.00I,999.9,000000
727458,94919,20180917,56.9,18,49.4,18,1015.0,15,967.3,16,10.0,18,7.9,18,14.0,999.9,75.9*,50.0*,0.00I,999.9,000000
727458,94919,20180918,55.0,24,50.5,24,1017.8,20,968.4,24,10.0,24,1.6,24,7.0,999.9,62.1*,48.0*,0.00I,999.9,000000
727458,94919,20180919,54.6,24,50.3,24,1019.2,22,969.9,23,10.0,24,1.7,24,8.0,999.9,59.0,48.9,0.00I,999.9,000000
727458,94919,20180920,50.4,24,49.3,24,1017.1,15,967.6,24,7.5,24,2.2,24,7.0,999.9,55.9*,44.6*,0.41B,999.9,110000
727458,94919,20180921,50.7,24,44.8,24,1012.8,21,961.6,24,7.8,24,12.4,24,21.0,31.1,55.9*,43.0*,0.82G,999.9,010000
727458,94919,20180922,48.4,23,41.3,23,1023.6,23,973.4,22,10.0,23,5.7,23,13.0,19.0,62.1,37.0,0.00G,999.9,000000
727458,94919,20180923,47.8,23,44.7,23,1019.9,21,970.2,22,9.7,23,5.5,23,12.0,21.0,53.1,45.0,0.00I,999.9,000000
727458,94919,20180924,54.2,24,50.9,24,1012.5,22,963.4,24,9.2,24,8.6,24,12.0,20.0,62.6*,44.6*,0.00H,999.9,010010
727458,94919,20180925,47.4,24,44.6,24,1014.3,17,964.5,24,9.1,24,7.3,24,12.0,999.9,57.2*,44.1*,99.99,999.9,010000
727458,94919,20180926,46.3,24,37.7,24,1016.1,23,966.4,23,10.0,24,6.8,24,13.0,15.9,54.0,41.0,0.00I,999.9,000000
727458,94919,20180927,47.9,24,44.2,24,1010.1,19,960.7,23,9.8,24,6.5,24,15.9,20.0,53.1,45.0,99.99,999.9,010000
727458,94919,20180928,41.0,24,35.5,24,1019.9,13,968.6,24,9.8,24,9.0,24,13.0,25.1,53.1,37.9,99.99,999.9,010000
727458,94919,20180929,35.2,23,27.3,23,1026.7,23,976.0,20,10.0,23,5.2,23,9.9,14.0,42.1,28.0,0.00I,999.9,000000
727458,94919,20180930,42.0,24,34.3,24,1025.8,22,975.0,17,10.0,24,6.7,24,13.0,15.9,48.9,37.9,99.99,999.9,010000
727458,94919,20181001,39.9,24,32.2,24,1027.8,23,976.8,18,10.0,24,2.5,24,7.0,999.9,46.0,36.0,99.99,999.9,010000
727458,94919,20181002,44.5,24,42.5,23,1020.0,17,970.6,24,9.5,24,4.6,24,8.9,999.9,48.2*,42.1*,99.99,999.9,010000
727458,94919,20181003,50.8,24,49.7,24,1007.2,14,955.6,23,5.7,24,6.9,24,18.1,33.0,57.0,46.9,99.99,999.9,110010
727458,94919,20181004,36.9,24,28.8,24,1024.1,18,972.7,23,9.4,24,8.5,24,26.0,33.0,48.0,28.9,0.01C,999.9,011000
727458,94919,20181005,36.6,24,34.1,24,1020.0,18,969.7,23,7.0,24,3.2,24,7.0,999.9,41.0,32.0,0.38C,999.9,011000
727458,94919,20181006,39.8,24,36.6,24,1020.4,19,969.3,24,7.9,24,7.0,24,14.0,999.9,43.0,32.0,0.04C,999.9,010000
727458,94919,20181007,40.1,24,36.6,24,1027.8,19,977.3,23,9.0,24,3.1,24,8.9,17.1,46.0,37.0,0.00H,999.9,010000
727458,94919,20181008,40.2,24,38.7,24,1022.3,19,971.6,24,6.2,24,4.3,24,9.9,999.9,42.8*,37.4*,0.00H,999.9,010000
727458,94919,20181009,39.5,23,38.2,23,1020.4,18,970.2,22,7.2,23,5.8,23,9.9,15.9,42.1*,37.4*,99.99,999.9,010000
727458,94919,20181010,37.1,24,35.7,24,1012.1,17,961.7,24,6.3,24,7.7,24,12.0,20.0,39.0*,33.8*,99.99,999.9,010000
727458,94919,20181011,31.4,24,28.5,24,1011.5,12,961.0,24,5.6,24,12.1,24,20.0,26.0,34.0*,28.4*,99.99,999.9,111000
727458,94919,20181012,30.2,24,22.4,24,1016.5,23,965.8,23,9.9,24,6.7,24,12.0,15.9,37.9,27.0,99.99,999.9,001000
727458,94919,20181013,35.4,24,29.5,24,1008.1,24,958.0,23,9.9,24,8.7,24,15.9,24.1,43.0,25.0,99.99,999.9,010000
727458,94919,20181014,33.0,24,22.0,24,1018.6,23,967.7,24,10.0,24,7.9,24,15.9,20.0,36.0,32.0,99.99,999.9,001000
727458,94919,20181015,31.9,24,23.6,24,1019.5,19,968.9,23,9.5,24,7.4,24,11.1,15.9,39.9,25.0,99.99,999.9,001000
727458,94919,20181016,38.4,23,27.1,23,1014.5,22,964.5,22,10.0,23,11.0,23,19.0,28.9,44.1,34.0,0.00I,999.9,000000
727458,94919,20181017,33.1,22,20.9,22,1026.3,20,975.4,21,10.0,22,11.1,22,19.0,24.1,39.9,28.9,0.00I,999.9,000000
727458,94919,20181018,44.2,24,28.2,24,1024.3,24,973.5,23,10.0,24,7.1,24,12.0,15.9,69.1,26.1,0.00I,999.9,000000
727458,94919,20181019,55.3,23,39.3,23,1008.8,23,959.9,22,10.0,23,12.0,23,20.0,32.1,62.1,48.0,0.00I,999.9,000000
727458,94919,20181020,33.6,24,24.0,24,1019.5,20,969.2,23,9.1,24,15.0,24,24.1,34.0,46.0*,26.6*,0.02B,999.9,011000
727458,94919,20181021,34.8,24,23.0,24,1021.1,24,970.1,23,10.0,24,5.4,24,8.9,14.0,50.0,24.1,0.00I,999.9,000000
727458,94919,20181022,40.0,24,28.2,24,1017.2,24,967.1,23,10.0,24,8.4,24,19.0,28.0,48.9,28.9,0.00I,999.9,000000
727458,94919,20181023,38.6,24,27.5,24,1028.2,22,977.8,23,10.0,24,7.0,24,9.9,999.9,45.0,35.1,0.00I,999.9,000000
727458,94919,20181024,34.4,23,26.4,23,1028.4,23,977.2,22,10.0,23,4.6,23,11.1,999.9,50.0,21.9,0.00A,999.9,000000
727458,94919,20181025,43.1,24,35.3,24,1018.5,24,968.3,23,9.3,24,6.1,24,8.9,999.9,46.0,41.0,0.24C,999.9,010000
727458,94919,20181026,42.4,24,40.9,24,1012.6,14,962.7,23,7.1,24,7.1,24,8.9,15.0,44.1,41.0,0.16D,999.9,010000
727458,94919,20181027,42.5,20,41.4,20,1009.8,11,960.1,20,5.3,20,6.4,20,8.9,999.9,46.9,41.0,0.23B,999.9,110000
727458,94919,20181028,41.4,23,38.9,23,1010.5,18,960.8,22,8.7,23,8.0,23,14.0,17.1,44.1,39.0,0.59G,999.9,010000
727458,94919,20181029,37.4,24,32.9,24,1017.5,20,967.1,23,10.0,24,5.5,24,9.9,999.9,39.9,35.1,0.00G,999.9,010000
727458,94919,20181030,39.3,24,35.6,24,1012.4,20,962.3,22,9.8,24,4.0,24,8.9,999.9,46.0,36.0,0.10G,999.9,010000
727458,94919,20181031,36.7,23,30.1,23,1012.6,23,962.4,20,10.0,23,7.6,23,13.0,18.1,39.9,32.0,0.01G,999.9,000000
727458,94919,20181101,34.4,24,26.1,24,1015.5,24,965.1,18,10.0,24,3.2,24,7.0,999.9,37.9,27.0,0.00G,999.9,000000
727458,94919,20181102,28.8,24,23.5,24,1015.6,23,964.9,23,10.0,24,1.2,24,6.0,999.9,39.0,19.9,0.00I,999.9,000000
727458,94919,20181103,29.6,24,23.9,24,1020.2,23,969.3,23,9.6,24,0.8,24,6.0,999.9,42.1,21.0,0.00I,999.9,000000
727458,94919,20181104,32.7,24,28.3,24,1021.0,23,969.6,23,9.8,24,3.5,24,7.0,999.9,39.2*,28.0*,0.00H,999.9,010000
727458,94919,20181105,35.1,24,31.9,24,1007.2,20,957.3,23,9.3,24,3.9,24,7.0,999.9,39.9,32.0,0.00D,999.9,011000
727458,94919,20181106,33.5,22,32.2,22,1005.6,13,955.8,21,6.2,22,4.1,22,11.1,14.0,37.0,32.0,0.05G,999.9,011000
727458,94919,20181107,27.7,24,24.0,24,1017.2,17,966.2,23,7.5,24,12.3,24,19.0,25.1,32.0,24.1,0.11G,999.9,001000
727458,94919,20181108,20.0,24,13.7,24,1028.4,17,976.7,23,7.4,24,5.7,24,12.0,999.9,24.1,16.0,0.00G,999.9,001000
727458,94919,20181109,17.1,24,12.4,24,1026.5,15,974.5,24,6.1,24,9.4,24,22.0,26.0,19.9*,12.2*,0.00D,999.9,001000
727458,94919,20181110,13.6,24,7.1,24,1026.9,20,974.5,23,9.2,24,8.4,24,18.1,999.9,19.0,3.0,0.00D,999.9,001000
727458,94919,20181111,18.1,24,14.3,24,1021.7,16,969.6,24,4.9,24,5.0,24,9.9,999.9,24.1,3.0,0.01G,999.9,001000
727458,94919,20181112,14.9,24,7.1,24,1032.2,20,979.4,24,9.2,24,11.5,24,15.9,21.0,19.4*,10.0*,0.00G,999.9,001000
727458,94919,20181113,9.9,24,2.4,24,1033.4,20,980.5,24,9.3,24,5.3,24,9.9,999.9,17.1,3.0,0.00D,999.9,001000
727458,94919,20181114,21.3,24,13.2,24,1028.3,24,976.1,23,10.0,24,7.7,24,15.9,20.0,36.0,8.1,0.00I,999.9,000000
727458,94919,20181115,32.8,24,24.8,24,1012.4,21,961.4,23,9.0,24,9.0,24,19.0,22.9,35.6*,28.9*,0.02A,999.9,011000
727458,94919,20181116,24.0,24,21.3,24,1015.8,19,964.9,24,7.9,24,11.9,24,20.0,26.0,32.0*,18.0*,0.00D,999.9,001000
727458,94919,20181117,15.8,24,7.8,24,1031.0,21,978.5,24,9.1,24,8.1,24,13.0,14.0,19.0*,10.0*,0.00H,999.9,001000
727458,94919,20181118,13.1,24,7.3,24,1024.2,20,971.5,24,8.9,24,5.0,24,12.0,15.0,21.2*,6.1*,0.00H,999.9,001000
727458,94919,20181119,15.5,24,10.8,24,1022.9,18,970.4,24,6.4,24,5.8,24,14.0,999.9,19.4*,8.1*,0.00H,999.9,001000
727458,94919,20181120,7.4,24,3.9,24,1022.5,21,969.3,24,8.4,24,5.6,24,14.0,999.9,23.0*,-6.0*,0.03B,999.9,101000
727458,94919,20181121,12.3,24,5.8,24,1028.3,23,975.7,24,9.7,24,5.9,24,14.0,18.1,21.2*,6.1*,0.00H,999.9,001000
727458,94919,20181122,19.4,24,15.5,24,1023.6,22,972.0,24,8.2,24,8.5,24,13.0,19.0,26.1*,16.0*,0.00I,999.9,000000
727458,94919,20181123,34.7,24,30.8,24,1004.1,21,954.0,23,8.4,24,11.1,24,18.1,22.0,42.8*,27.0*,0.00I,999.9,000000
727458,94919,20181124,31.8,24,29.8,24,1002.2,15,951.8,23,6.3,24,9.6,24,18.1,22.0,37.9*,25.0*,0.00H,999.9,111000
727458,94919,20181125,18.4,23,12.7,23,1018.8,23,967.6,22,9.0,23,13.5,23,18.1,22.9,25.0,12.0,0.00D,999.9,001000
727458,94919,20181126,11.5,24,6.3,24,1023.3,20,971.0,23,9.0,24,11.5,24,15.0,19.0,18.0,6.1,0.00D,999.9,001000
727458,94919,20181127,13.6,23,7.9,23,1020.0,18,967.9,22,9.1,23,9.7,23,14.0,20.0,18.0*,10.0*,0.00D,999.9,001000
727458,94919,20181128,17.8,24,12.1,24,1015.6,24,964.0,23,9.9,24,4.4,24,9.9,999.9,26.1,12.0,0.00H,999.9,001000
727458,94919,20181129,23.7,24,21.0,24,1011.0,13,959.9,22,4.3,24,6.7,24,9.9,15.9,26.6*,21.2*,0.01G,999.9,001000
727458,94919,20181130,27.2,24,25.9,24,1014.8,18,962.6,15,4.8,24,4.3,24,7.0,999.9,28.9*,24.8*,0.02G,999.9,001000
727458,94919,20181201,26.1,24,24.7,24,1016.8,20,965.9,23,6.4,24,4.5,24,9.9,14.0,28.4*,23.0*,0.00G,999.9,001000
727458,94919,20181202,23.2,24,19.5,24,1014.5,22,963.5,23,9.9,24,9.1,24,12.0,20.0,26.1,21.0,0.00H,999.9,001000
727458,94919,20181203,21.7,24,16.9,24,1024.0,24,972.6,23,10.0,24,6.4,24,11.1,15.0,26.1,19.0,0.00I,999.9,000000
727458,94919,20181204,18.2,23,15.8,23,1023.3,18,971.5,23,9.0,23,4.6,23,8.0,999.9,21.0*,15.8*,0.00H,999.9,001000
727458,94919,20181205,20.6,24,15.7,24,1016.3,17,964.7,23,8.5,24,6.7,24,11.1,15.0,23.0,17.1,0.00D,999.9,001000
727458,94919,20181206,12.5,24,5.3,24,1026.7,23,974.4,23,9.1,24,9.7,24,13.0,999.9,18.0,1.9,0.00D,999.9,001000
727458,94919,20181207,8.4,24,2.4,24,1030.6,22,977.7,23,8.9,24,4.3,24,8.0,999.9,21.0,-6.0,0.00D,999.9,001000
727458,94919,20181208,8.5,24,4.3,24,1032.7,24,979.7,23,9.8,24,4.2,24,11.1,999.9,26.1,-4.0,0.00H,999.9,001000
727458,94919,20181209,19.1,24,15.2,24,1027.7,21,975.6,23,7.0,24,3.7,24,12.0,999.9,33.1,5.0,0.00I,999.9,000000
727458,94919,20181210,20.5,24,14.8,24,1020.0,24,968.2,23,8.8,24,3.5,24,7.0,999.9,35.1,7.0,0.00A,999.9,000000
727458,94919,20181211,17.1,22,13.7,22,1017.2,22,965.8,21,9.1,22,2.6,22,5.1,999.9,28.0,7.0,0.00A,999.9,000000
727458,94919,20181212,23.7,24,20.9,24,1011.1,24,960.1,23,7.0,24,4.7,24,7.0,999.9,26.6*,21.9*,0.00I,999.9,000000
727458,94919,20181213,27.0,23,24.2,21,1014.4,21,963.8,22,4.8,23,6.0,23,12.0,999.9,33.1*,24.8*,0.00H,999.9,001000
727458,94919,20181214,30.3,22,22.9,22,1019.4,22,968.5,21,10.0,22,5.0,22,8.9,999.9,42.1,24.1,0.00I,999.9,000000
727458,94919,20181215,30.4,24,22.5,24,1019.5,24,968.6,23,10.0,24,7.6,24,15.0,26.0,46.0,18.0,0.00I,999.9,000000
727458,94919,20181216,34.9,24,22.5,24,1016.0,24,965.8,23,10.0,24,10.5,24,18.1,22.0,39.0,28.0,0.00I,999.9,000000
727458,94919,20181217,19.7,24,11.1,24,1025.8,24,974.2,23,10.0,24,5.7,24,15.0,21.0,28.0,10.0,0.00I,999.9,000000
727458,94919,20181218,24.3,24,15.9,24,1015.8,22,964.2,23,10.0,24,5.4,24,7.0,999.9,32.0,19.9,0.00I,999.9,000000
727458,94919,20181219,26.5,24,25.3,24,1005.4,19,954.5,23,5.1,24,3.3,24,8.9,999.9,33.1,19.0,0.00I,999.9,100000
727458,94919,20181220,30.1,23,28.4,23,1009.9,16,958.8,23,6.8,23,10.5,23,18.1,22.9,34.0,21.9,0.03G,999.9,011000
727458,94919,20181221,15.9,24,12.5,24,1015.2,19,963.8,23,9.6,24,5.0,24,13.0,999.9,21.9,10.0,0.00G,999.9,001000
727458,94919,20181222,18.9,24,16.9,24,1011.9,17,960.6,23,7.8,24,6.2,24,9.9,999.9,24.1,12.0,0.01C,999.9,001000
727458,94919,20181223,21.7,24,17.9,24,1015.8,17,964.4,24,6.1,24,7.5,24,13.0,17.1,26.6*,16.0*,0.00D,999.9,001000
727458,94919,20181224,16.2,24,10.8,24,1023.4,21,971.4,23,9.3,24,3.5,24,9.9,999.9,26.1,10.9,0.00H,999.9,001000
727458,94919,20181225,16.2,23,13.2,23,1026.3,22,974.3,22,8.8,23,1.8,23,8.0,999.9,21.2*,10.0*,0.00D,999.9,001000
727458,94919,20181226,13.0,24,8.3,24,1032.0,22,979.5,24,9.1,24,4.2,24,8.9,999.9,17.6*,8.1*,0.00D,999.9,001000
727458,94919,20181227,26.7,24,25.0,24,1017.0,10,964.2,24,2.7,24,5.1,24,8.9,14.0,32.0,8.1,0.08G,999.9,101000
727458,94919,20181228,13.0,24,9.3,24,1017.8,18,964.0,24,5.8,24,14.5,24,22.0,26.0,32.0,-2.0,0.23G,999.9,001000
727458,94919,20181229,-6.9,24,-11.5,24,1026.3,24,972.6,23,10.0,24,5.7,24,13.0,999.9,7.0,-17.0,0.00G,999.9,000000
727458,94919,20181230,13.5,24,9.9,24,1010.2,22,958.2,22,9.4,24,7.4,24,14.0,19.0,21.9,3.9,0.00D,999.9,001000
727458,94919,20181231,15.5,24,11.2,24,1019.0,15,965.4,23,5.6,24,9.4,24,19.0,22.0,21.9,3.0,0.05G,999.9,001000
