723307,53893,20120101,58.5,24,43.5,24,9999.9,0,1012.0,18,9.8,24,10.1,24,14.0,24.1,64.4*,51.8*,0.00I,999.9,000000
723307,53893,20120102,42.1,24,21.1,23,9999.9,0,1019.9,23,10.0,24,8.4,24,15.0,26.0,48.2*,33.8*,0.00I,999.9,000000
723307,53893,20120103,34.0,24,8.8,24,9999.9,0,1023.1,24,10.0,24,7.5,24,12.0,20.0,41.0*,24.8*,0.00I,999.9,000000
723307,53893,20120104,37.1,24,21.3,24,9999.9,0,1018.1,24,10.0,24,6.4,24,9.9,17.1,60.8*,23.0*,0.00I,999.9,000000
723307,53893,20120105,45.1,23,35.4,23,9999.9,0,1014.5,23,8.2,23,0.9,23,5.1,999.9,60.8*,33.8*,0.00I,999.9,100000
723307,53893,20120106,46.6,23,37.6,23,9999.9,0,1010.3,23,10.0,23,5.1,23,12.0,999.9,71.6*,30.2*,0.00I,999.9,000000
723307,53893,20120107,59.5,24,51.6,24,9999.9,0,1007.6,23,10.0,23,7.3,24,19.4,999.9,73.4*,51.8*,0.00I,999.9,000000
723307,53893,20120108,57.5,21,55.3,21,9999.9,0,1010.1,21,4.9,21,2.8,21,8.0,999.9,68.0*,50.0*,0.02A,999.9,010000
723307,53893,20120109,59.3,24,58.1,24,9999.9,0,1010.4,24,3.0,24,2.7,24,7.0,999.9,62.6,55.4,0.00I,999.9,100000
723307,53893,20120110,58.9,24,57.5,24,9999.9,0,1005.2,24,5.3,24,6.9,24,15.9,999.9,62.6,55.4,99.99,999.9,110000
723307,53893,20120111,54.2,24,51.2,24,9999.9,0,995.5,24,7.7,24,8.5,24,14.0,18.1,60.8*,48.2*,0.25A,999.9,000000
723307,53893,20120112,45.0,24,38.4,24,9999.9,0,999.6,24,8.5,24,8.6,24,18.1,26.0,48.2*,35.6*,0.00I,999.9,000000
723307,53893,20120113,32.4,24,17.0,24,9999.9,0,1011.9,24,10.0,24,5.7,24,9.9,15.0,42.8*,24.8*,0.00I,999.9,000000
723307,53893,20120114,38.9,23,21.4,23,9999.9,0,1014.7,22,10.0,23,6.3,23,15.0,25.1,60.8*,24.8*,0.00I,999.9,000000
723307,53893,20120115,43.3,24,28.0,24,9999.9,0,1019.3,23,10.0,24,4.4,24,9.9,999.9,55.4*,28.4*,0.00I,999.9,000000
723307,53893,20120116,52.4,23,40.7,23,9999.9,0,1016.5,23,9.8,23,9.7,23,15.9,20.0,64.4*,46.4*,0.00I,999.9,000000
723307,53893,20120117,61.0,23,55.5,23,9999.9,0,1009.3,23,10.0,23,10.0,23,28.0,40.0,66.2*,53.6*,99.99,999.9,010010
723307,53893,20120118,39.5,22,28.7,22,9999.9,0,1014.2,22,10.0,22,9.2,22,15.0,21.0,51.8*,28.4*,0.00I,999.9,000000
723307,53893,20120119,40.7,24,30.2,24,9999.9,0,1009.8,24,10.0,24,5.2,24,14.0,999.9,60.8*,26.6*,0.00I,999.9,000000
723307,53893,20120120,59.2,23,52.3,23,9999.9,0,1004.7,22,8.1,23,7.2,23,9.9,999.9,71.6*,55.4*,99.99,999.9,010000
723307,53893,20120121,58.7,24,54.8,24,9999.9,0,1004.2,24,9.5,23,9.2,24,14.0,24.1,66.2*,44.6*,99.99,999.9,010010
723307,53893,20120122,51.9,24,49.9,24,9999.9,0,1006.4,23,2.5,24,6.6,24,14.0,20.0,68.0*,44.6*,0.00I,999.9,100000
723307,53893,20120123,63.9,24,54.0,24,9999.9,0,1003.5,24,9.2,24,10.1,24,21.0,26.0,68.0*,44.6*,0.00I,999.9,000000
723307,53893,20120124,49.5,22,35.8,22,9999.9,0,1012.4,22,10.0,22,3.9,22,8.0,999.9,64.4*,35.6*,0.00I,999.9,000000
723307,53893,20120125,56.8,23,42.8,23,9999.9,0,1010.4,23,10.0,23,8.0,23,18.1,999.9,69.8*,48.2*,0.00I,999.9,000000
723307,53893,20120126,62.9,24,58.0,24,9999.9,0,1001.3,24,9.0,24,8.5,24,14.0,22.0,68.0*,59.0*,99.99,999.9,010000
723307,53893,20120127,51.3,24,41.5,24,9999.9,0,1005.1,24,9.9,24,6.5,24,14.0,20.0,60.8*,39.2*,0.00I,999.9,000000
723307,53893,20120128,47.1,23,34.7,23,9999.9,0,1012.5,22,10.0,23,7.2,23,15.9,20.0,55.4*,39.2*,0.00I,999.9,000000
723307,53893,20120129,41.0,24,22.0,23,9999.9,0,1020.7,23,10.0,24,2.8,24,9.9,999.9,57.2*,26.6*,0.00I,999.9,000000
723307,53893,20120130,46.8,24,24.9,24,9999.9,0,1018.9,24,10.0,24,5.1,24,11.1,15.0,66.2*,30.2*,0.00I,999.9,000000
723307,53893,20120131,51.6,24,32.9,24,9999.9,0,1016.0,23,10.0,24,7.5,24,12.0,999.9,66.2*,44.6*,0.00I,999.9,000000
723307,53893,20120201,62.8,24,56.8,24,9999.9,0,1010.4,18,8.5,24,6.8,24,9.9,999.9,71.6*,59.0*,99.99,999.9,010000
723307,53893,20120202,57.4,24,52.3,24,9999.9,0,1012.6,24,8.7,24,4.7,24,9.9,15.0,66.2*,51.8*,99.99,999.9,010010
723307,53893,20120203,52.9,23,41.2,23,9999.9,0,1014.4,23,8.7,23,6.6,23,11.1,999.9,59.0*,48.2*,99.99,999.9,010000
723307,53893,20120204,57.4,23,53.8,23,9999.9,0,1010.5,22,8.0,23,7.8,23,15.0,20.0,64.4*,53.6*,99.99,999.9,010000
723307,53893,20120205,53.5,24,48.3,24,9999.9,0,1011.5,24,8.4,24,6.3,24,9.9,17.1,59.0*,46.4*,0.00I,999.9,000000
723307,53893,20120206,48.1,24,39.7,24,9999.9,0,1014.1,24,9.9,24,5.9,24,9.9,999.9,59.0*,41.0*,0.00I,999.9,000000
723307,53893,20120207,47.1,23,36.3,23,9999.9,0,1013.6,23,10.0,23,3.8,23,8.0,999.9,62.6*,35.6*,0.00I,999.9,000000
723307,53893,20120208,50.7,24,37.6,24,9999.9,0,1015.6,24,10.0,23,7.1,24,14.0,17.1,57.2*,44.6*,0.00I,999.9,000000
723307,53893,20120209,40.7,23,30.3,23,9999.9,0,1017.3,23,9.5,23,6.2,23,12.0,999.9,50.0*,32.0*,0.00I,999.9,000000
723307,53893,20120210,40.6,24,31.3,24,9999.9,0,1011.9,24,10.0,24,3.7,24,6.0,999.9,48.2*,35.6*,0.00I,999.9,000000
723307,53893,20120211,38.4,24,25.7,23,9999.9,0,1015.2,22,10.0,24,11.5,24,20.0,29.9,44.6*,30.2*,0.00I,999.9,000000
723307,53893,20120212,29.6,23,11.3,23,9999.9,0,1023.9,23,10.0,23,6.6,23,11.1,999.9,42.8*,19.4*,0.00I,999.9,000000
723307,53893,20120213,31.6,24,19.5,24,9999.9,0,1016.0,24,9.8,24,3.7,24,9.9,999.9,41.0*,21.2*,99.99,999.9,010000
723307,53893,20120214,43.8,24,39.6,24,9999.9,0,1006.6,24,6.8,24,7.0,24,14.0,17.1,53.6*,37.4*,0.47A,999.9,000000
723307,53893,20120215,50.3,24,43.5,24,9999.9,0,1010.0,24,8.6,24,6.5,24,14.0,999.9,64.4*,39.2*,0.00I,999.9,000000
723307,53893,20120216,56.7,24,51.1,24,9999.9,0,1009.5,24,6.9,24,5.5,24,15.9,21.0,62.6*,53.6*,0.83G,999.9,010010
723307,53893,20120217,51.9,24,44.0,24,9999.9,0,1011.4,24,10.0,23,5.4,24,8.9,999.9,62.6*,44.6*,0.00G,999.9,000000
723307,53893,20120218,46.9,24,41.7,24,9999.9,0,1006.5,24,8.1,24,3.6,24,11.1,15.0,53.6*,42.8*,99.99,999.9,010000
723307,53893,20120219,47.2,24,43.4,24,9999.9,0,1002.2,23,7.0,24,9.5,24,15.9,24.1,50.0*,42.8*,0.01A,999.9,010000
723307,53893,20120220,42.1,24,31.7,24,9999.9,0,1012.1,24,10.0,24,4.9,24,8.9,999.9,57.2*,30.2*,0.00I,999.9,000000
723307,53893,20120221,55.8,23,35.1,23,9999.9,0,1010.1,23,10.0,23,9.1,23,13.0,18.1,69.8*,46.4*,0.00I,999.9,000000
723307,53893,20120222,56.9,23,45.3,23,9999.9,0,1002.5,23,10.0,23,8.0,23,15.0,21.0,71.6*,41.0*,0.00I,999.9,000000
723307,53893,20120223,66.8,24,56.4,24,9999.9,0,992.8,24,9.1,24,11.3,24,20.0,29.9,80.6*,57.2*,0.00I,999.9,000000
723307,53893,20120224,61.9,24,43.5,24,9999.9,0,999.9,24,10.0,24,11.8,24,15.9,25.1,75.2*,51.8*,0.00I,999.9,000000
723307,53893,20120225,46.2,23,25.0,23,9999.9,0,1016.3,22,10.0,23,5.5,23,12.0,18.1,60.8*,33.8*,0.00I,999.9,000000
723307,53893,20120226,50.1,24,27.3,24,9999.9,0,1016.9,23,10.0,24,5.9,24,12.0,20.0,62.6*,39.2*,0.00I,999.9,000000
723307,53893,20120227,56.4,24,41.8,24,9999.9,0,1017.3,24,10.0,24,4.5,24,12.0,999.9,69.8*,48.2*,0.00I,999.9,000000
723307,53893,20120228,57.9,23,52.7,23,9999.9,0,1015.4,23,9.1,23,5.4,23,14.0,19.0,64.4*,51.8*,0.00I,999.9,000000
723307,53893,20120229,67.8,24,62.2,24,9999.9,0,1007.9,23,7.1,24,11.7,24,18.1,26.0,78.8*,60.8*,99.99,999.9,010010
723307,53893,20120301,66.6,24,56.8,24,9999.9,0,1004.0,18,9.3,24,5.3,24,9.9,999.9,75.2*,55.4*,99.99,999.9,010000
723307,53893,20120302,71.9,24,62.9,24,9999.9,0,997.9,24,9.9,24,11.3,24,20.0,28.0,80.6*,66.2*,99.99,999.9,010010
723307,53893,20120303,54.1,23,39.4,23,9999.9,0,1001.8,22,10.0,23,9.7,23,20.0,27.0,69.8*,42.8*,0.54A,999.9,010010
723307,53893,20120304,47.4,23,28.2,23,9999.9,0,1007.9,22,10.0,23,6.0,23,15.0,21.0,62.6*,33.8*,0.00I,999.9,000000
723307,53893,20120305,54.3,23,28.7,23,9999.9,0,1014.7,23,10.0,23,7.8,23,13.0,18.1,62.6*,46.4*,0.00I,999.9,000000
723307,53893,20120306,51.9,24,28.2,24,9999.9,0,1020.1,24,10.0,24,8.7,24,15.0,17.1,66.2*,39.2*,0.00I,999.9,000000
723307,53893,20120307,59.1,23,42.5,23,9999.9,0,1017.4,23,10.0,23,10.7,23,17.1,22.0,71.6*,51.8*,0.00I,999.9,000000
723307,53893,20120308,65.2,23,55.1,23,9999.9,0,1012.3,23,9.9,23,10.2,23,15.9,22.0,73.4*,55.4*,0.00I,999.9,000000
723307,53893,20120309,53.9,24,42.5,24,9999.9,0,1016.0,24,9.0,24,12.4,24,20.0,26.0,71.6,44.6,1.40A,999.9,010010
723307,53893,20120310,49.8,23,34.9,23,9999.9,0,1018.5,22,10.0,23,4.2,23,9.9,999.9,69.8*,35.6*,0.00I,999.9,000000
723307,53893,20120311,60.6,24,43.5,24,9999.9,0,1015.4,24,10.0,24,9.9,24,17.1,25.1,69.8*,55.4*,0.00I,999.9,000000
723307,53893,20120312,66.4,22,60.1,22,9999.9,0,1012.0,22,9.6,22,10.0,22,17.1,26.0,75.2*,62.6*,0.00I,999.9,000000
723307,53893,20120313,66.4,24,61.6,24,9999.9,0,1012.6,24,7.3,24,4.7,24,9.9,999.9,75.2*,59.0*,0.00I,999.9,100000
723307,53893,20120314,69.8,21,61.9,21,9999.9,0,1012.7,21,8.0,21,4.7,21,12.0,19.0,82.4*,60.8*,0.00I,999.9,000000
723307,53893,20120315,70.5,24,61.5,24,9999.9,0,1013.5,24,8.2,24,4.3,24,9.9,999.9,84.2*,57.2*,0.00I,999.9,100000
723307,53893,20120316,72.8,24,57.3,24,9999.9,0,1012.1,23,10.0,24,4.3,24,7.0,999.9,84.2*,64.4*,0.00I,999.9,000000
723307,53893,20120317,70.4,24,56.7,24,9999.9,0,1011.6,23,10.0,24,4.5,24,12.0,15.9,82.4*,60.8*,0.00I,999.9,000000
723307,53893,20120318,68.1,24,56.6,24,9999.9,0,1012.1,24,9.5,24,5.6,24,14.0,999.9,80.6*,57.2*,0.00I,999.9,000000
723307,53893,20120319,69.4,23,57.1,23,9999.9,0,1009.7,23,10.0,23,9.2,23,15.9,22.9,80.6*,60.8*,0.00I,999.9,000000
723307,53893,20120320,70.5,21,55.9,21,9999.9,0,1006.2,21,10.0,21,11.3,21,22.0,28.0,84.2*,60.8*,0.00I,999.9,000000
723307,53893,20120321,70.6,24,56.2,24,9999.9,0,1006.5,24,9.5,24,10.6,24,15.0,22.0,77.0*,64.4*,99.99,999.9,010000
723307,53893,20120322,63.9,24,61.3,24,9999.9,0,1007.2,24,6.7,24,7.6,24,24.1,28.0,69.8*,60.8*,0.64A,999.9,010010
723307,53893,20120323,68.7,23,59.5,23,9999.9,0,1005.5,23,9.0,23,7.2,23,11.1,999.9,80.6*,62.6*,0.00I,999.9,000000
723307,53893,20120324,63.4,22,48.2,22,9999.9,0,1004.6,22,10.0,22,5.1,22,12.0,19.0,73.4*,51.8*,0.00I,999.9,000000
723307,53893,20120325,65.3,24,51.6,24,9999.9,0,1005.1,24,10.0,24,4.5,24,9.9,999.9,78.8*,53.6*,0.00I,999.9,000000
723307,53893,20120326,66.4,24,54.6,24,9999.9,0,1008.0,24,9.5,24,4.9,24,8.9,14.0,80.6*,51.8*,0.00I,999.9,000000
723307,53893,20120327,66.8,24,54.1,24,9999.9,0,1009.7,24,9.4,24,3.5,24,8.9,999.9,82.4*,51.8*,0.00I,999.9,000000
723307,53893,20120328,70.1,23,55.9,23,9999.9,0,1010.1,23,10.0,23,6.0,23,9.9,17.1,80.6*,59.0*,0.00I,999.9,000000
723307,53893,20120329,69.6,24,59.2,24,9999.9,0,1006.6,24,9.9,24,3.5,24,8.9,999.9,80.6*,60.8*,0.00I,999.9,000000
723307,53893,20120330,67.0,18,62.8,18,9999.9,0,1003.7,18,7.2,18,4.7,18,9.9,999.9,71.6*,64.4*,99.99,999.9,010000
723307,53893,20120331,72.4,17,63.3,17,9999.9,0,1002.5,15,6.5,17,0.5,17,4.1,999.9,82.4*,60.8*,0.00I,999.9,100000
723307,53893,20120401,72.9,24,63.0,24,9999.9,0,1001.6,19,10.0,24,4.8,24,11.1,15.9,84.2*,62.6*,0.00I,999.9,000000
723307,53893,20120402,72.1,24,63.2,24,9999.9,0,1001.0,24,9.0,24,4.7,24,8.9,999.9,82.4*,62.6*,0.00I,999.9,000000
723307,53893,20120403,68.2,24,58.8,24,9999.9,0,1003.9,24,10.0,24,5.1,24,13.0,22.0,80.6*,59.0*,0.00I,999.9,000000
723307,53893,20120404,68.6,23,59.1,23,9999.9,0,1001.9,23,10.0,23,6.5,23,12.0,27.0,80.6*,59.0*,0.00I,999.9,000000
723307,53893,20120405,64.2,24,56.5,24,9999.9,0,998.3,24,9.0,24,4.5,24,18.1,26.0,75.2*,57.2*,99.99,999.9,010010
723307,53893,20120406,59.5,24,48.6,24,9999.9,0,1004.2,24,10.0,24,7.0,24,12.0,18.1,71.6*,51.8*,0.00I,999.9,000000
723307,53893,20120407,59.2,23,46.9,23,9999.9,0,1011.6,22,10.0,23,3.6,23,9.9,999.9,75.2*,42.8*,0.00I,999.9,000000
723307,53893,20120408,68.8,15,50.1,15,9999.9,0,1013.6,14,10.0,15,4.4,15,8.9,999.9,77.0*,53.6*,0.00I,999.9,000000
723307,53893,20120409,63.3,22,47.7,22,9999.9,0,1012.0,21,10.0,22,4.6,22,9.9,999.9,77.0*,50.0*,0.00I,999.9,000000
723307,53893,20120410,62.8,24,52.0,24,9999.9,0,1009.2,24,10.0,24,3.6,24,9.9,999.9,80.6*,50.0*,0.00I,999.9,000000
723307,53893,20120411,59.8,24,44.8,24,9999.9,0,1010.9,24,10.0,24,5.3,24,9.9,15.0,68.0*,50.0*,0.00I,999.9,000000
723307,53893,20120412,52.3,23,35.5,23,9999.9,0,1013.1,23,10.0,23,3.9,23,7.0,999.9,69.8*,37.4*,0.00I,999.9,000000
723307,53893,20120413,59.6,24,44.2,24,9999.9,0,1011.3,24,10.0,24,3.8,24,9.9,999.9,77.0*,46.4*,0.00I,999.9,000000
723307,53893,20120414,69.2,24,51.0,24,9999.9,0,1010.8,24,10.0,24,9.7,24,15.9,20.0,82.4*,55.4*,0.00I,999.9,000000
723307,53893,20120415,73.4,23,60.8,23,9999.9,0,1007.4,23,9.7,23,12.6,23,19.0,24.1,84.2*,64.4*,0.00I,999.9,000000
723307,53893,20120416,71.5,24,62.4,24,9999.9,0,1008.9,24,9.9,24,9.0,24,18.1,24.1,78.8*,62.6*,99.99,999.9,010000
723307,53893,20120417,61.1,24,57.5,24,9999.9,0,1012.7,24,6.4,24,7.5,24,15.0,22.0,68.0*,55.4*,99.99,999.9,010000
723307,53893,20120418,61.0,22,52.0,22,9999.9,0,1010.4,22,9.9,21,8.8,22,15.0,19.0,9999.9,51.8*,0.00I,999.9,000000
723307,53893,20120419,62.5,24,52.4,24,9999.9,0,1006.8,24,10.0,23,3.1,24,8.0,999.9,77.0*,48.2*,0.00I,999.9,000000
723307,53893,20120420,66.7,23,58.5,23,9999.9,0,1002.5,23,8.5,23,6.1,23,9.9,999.9,77.0*,57.2*,0.00I,999.9,000000
723307,53893,20120421,59.2,23,52.6,23,9999.9,0,1001.2,22,10.0,23,9.0,23,15.9,22.0,71.6*,53.6*,0.00I,999.9,000000
723307,53893,20120422,55.0,24,43.7,23,9999.9,0,1002.9,24,9.6,24,8.4,24,15.0,26.0,71.6*,42.8*,0.00I,999.9,000000
723307,53893,20120423,54.9,24,37.7,24,9999.9,0,1006.8,24,10.0,24,9.8,24,15.0,24.1,64.4*,44.6*,0.00I,999.9,000000
723307,53893,20120424,57.6,24,38.1,24,9999.9,0,1006.7,24,10.0,24,4.7,24,9.9,17.1,75.2*,44.6*,0.00I,999.9,000000
723307,53893,20120425,67.7,24,50.8,24,9999.9,0,1003.3,24,10.0,24,7.5,24,15.9,24.1,84.2*,51.8*,0.00I,999.9,000000
723307,53893,20120426,71.3,23,58.1,23,9999.9,0,1004.1,23,10.0,23,8.8,23,14.0,20.0,82.4*,62.6*,0.00I,999.9,000000
723307,53893,20120427,72.8,23,61.8,23,9999.9,0,1005.9,23,9.9,23,5.2,23,13.0,999.9,82.4*,64.4*,0.00I,999.9,000000
723307,53893,20120428,71.4,23,61.3,23,9999.9,0,1006.9,22,9.7,23,6.9,23,9.9,15.9,84.2*,60.8*,0.00I,999.9,000000
723307,53893,20120429,71.8,23,60.8,23,9999.9,0,1009.2,21,9.6,23,4.9,23,8.9,999.9,86.0*,60.8*,0.00I,999.9,000000
723307,53893,20120430,75.7,23,60.8,23,9999.9,0,1009.3,22,10.0,23,3.9,23,11.1,15.9,89.6*,62.6*,0.00I,999.9,000000
723307,53893,20120501,76.5,24,62.6,24,9999.9,0,1008.0,18,10.0,24,4.1,24,9.9,15.0,87.8*,64.4*,0.00I,999.9,000000
723307,53893,20120502,74.3,21,66.3,21,9999.9,0,1007.1,20,9.1,21,5.8,21,12.0,20.0,84.2*,66.2*,99.99,999.9,010010
723307,53893,20120503,71.6,24,67.6,24,9999.9,0,1008.0,23,9.4,24,6.7,24,15.0,25.1,82.4*,66.2*,1.07G,999.9,010000
723307,53893,20120504,73.0,23,68.7,23,9999.9,0,1007.9,23,8.2,23,5.5,23,8.9,999.9,82.4*,66.2*,0.00G,999.9,000000
723307,53893,20120505,76.0,23,68.9,23,9999.9,0,1005.3,22,8.6,23,3.0,23,7.0,999.9,87.8*,66.2*,0.00I,999.9,000000
723307,53893,20120506,78.6,23,70.3,23,9999.9,0,1004.2,22,9.6,23,3.4,23,6.0,999.9,89.6*,68.0*,0.00I,999.9,000000
723307,53893,20120507,72.1,23,66.4,23,9999.9,0,1003.5,23,9.8,23,5.0,23,15.9,29.9,84.2*,66.2*,99.99,999.9,010010
723307,53893,20120508,74.0,15,66.3,15,9999.9,0,1003.4,15,7.0,15,3.0,15,17.1,24.1,84.2*,64.4*,99.99,999.9,110010
723307,53893,20120509,69.6,15,58.6,15,9999.9,0,1004.0,15,8.9,15,8.2,15,12.0,18.1,77.0*,60.8*,99.99,999.9,010000
723307,53893,20120510,70.4,15,50.2,15,9999.9,0,1005.0,15,10.0,15,5.0,15,8.0,999.9,78.8*,51.8*,0.00I,999.9,000000
723307,53893,20120511,70.0,15,52.6,15,9999.9,0,1008.5,15,10.0,15,6.6,15,9.9,15.9,78.8*,53.6*,0.00I,999.9,000000
723307,53893,20120512,67.5,24,59.8,24,9999.9,0,1009.3,23,8.6,24,5.9,24,14.0,999.9,75.2*,60.8*,99.99,999.9,010010
723307,53893,20120513,69.9,24,65.8,24,9999.9,0,1006.6,23,8.3,24,8.1,24,12.0,15.9,78.8*,66.2*,0.22A,999.9,010000
723307,53893,20120514,70.0,24,61.2,24,9999.9,0,1006.3,24,7.8,24,5.1,24,9.9,17.1,80.6*,60.8*,0.00I,999.9,100000
723307,53893,20120515,70.3,24,61.7,24,9999.9,0,1006.4,24,8.0,24,3.1,24,8.0,999.9,82.4*,59.0*,0.00I,999.9,000000
723307,53893,20120516,71.4,24,60.6,24,9999.9,0,1006.6,24,8.1,24,2.6,24,6.0,999.9,84.2*,57.2*,0.00I,999.9,000000
723307,53893,20120517,72.7,23,58.6,23,9999.9,0,1005.6,22,9.2,23,2.1,23,8.0,999.9,87.8*,57.2*,0.00I,999.9,000000
723307,53893,20120518,74.5,23,62.0,22,9999.9,0,1005.8,22,9.5,23,3.6,23,8.0,999.9,86.0*,62.6*,0.00I,999.9,000000
723307,53893,20120519,75.0,23,62.4,23,9999.9,0,1007.9,22,9.4,23,4.8,23,12.0,999.9,84.2*,66.2*,0.00I,999.9,000000
723307,53893,20120520,75.6,24,61.5,24,9999.9,0,1009.3,24,9.0,24,2.9,24,8.0,999.9,89.6*,60.8*,0.00I,999.9,000000
723307,53893,20120521,71.6,24,63.6,24,9999.9,0,1008.1,24,9.3,24,3.7,24,8.9,999.9,82.4*,64.4*,0.00I,999.9,000000
723307,53893,20120522,72.7,23,60.9,23,9999.9,0,1005.0,23,9.0,23,4.9,23,9.9,999.9,82.4*,60.8*,99.99,999.9,010010
723307,53893,20120523,69.3,23,54.5,23,9999.9,0,1002.4,23,10.0,23,2.1,23,6.0,999.9,84.2*,53.6*,0.00I,999.9,000000
723307,53893,20120524,75.3,24,59.5,24,9999.9,0,1001.5,24,10.0,24,7.0,24,12.0,15.9,89.6*,60.8*,0.00I,999.9,000000
723307,53893,20120525,77.9,23,65.9,23,9999.9,0,1006.1,23,9.0,23,4.5,23,8.0,999.9,89.6*,64.4*,0.00I,999.9,000000
723307,53893,20120526,81.2,24,67.2,24,9999.9,0,1009.7,23,8.6,24,1.5,24,7.0,999.9,95.0*,66.2*,0.00I,999.9,000000
723307,53893,20120527,81.5,24,68.5,24,9999.9,0,1007.5,23,7.6,24,0.9,24,4.1,999.9,95.0*,66.2*,0.00I,999.9,000000
723307,53893,20120528,82.0,22,69.2,22,9999.9,0,1004.3,22,8.6,22,3.3,22,9.9,999.9,93.2*,71.6*,0.00I,999.9,000000
723307,53893,20120529,82.8,24,69.7,24,9999.9,0,1002.0,24,9.4,24,2.7,24,8.9,999.9,96.8*,69.8*,0.00I,999.9,000000
723307,53893,20120530,79.4,24,64.9,24,9999.9,0,1001.5,23,9.1,24,3.5,24,9.9,15.9,95.0*,66.2*,99.99,999.9,010000
723307,53893,20120531,69.8,24,65.1,23,9999.9,0,1000.9,23,8.7,23,6.0,24,14.0,24.1,80.6*,62.6*,0.05A,999.9,010010
723307,53893,20120601,69.1,24,60.4,24,9999.9,0,1002.1,17,9.3,24,6.9,24,15.9,17.1,77.0*,64.4*,0.08A,999.9,010000
723307,53893,20120602,66.2,24,54.5,24,9999.9,0,1005.9,23,9.8,24,1.4,24,6.0,999.9,80.6*,53.6*,0.00I,999.9,000000
723307,53893,20120603,76.9,24,65.1,24,9999.9,0,1004.7,24,9.9,24,5.1,24,9.9,999.9,91.4*,64.4*,0.00I,999.9,000000
723307,53893,20120604,77.3,23,68.5,23,9999.9,0,1002.6,22,9.2,23,4.7,23,12.0,18.1,87.8*,66.2*,99.99,999.9,010010
723307,53893,20120605,79.2,24,70.3,24,9999.9,0,998.6,24,10.0,24,4.7,24,8.0,14.0,89.6*,71.6*,0.00I,999.9,000000
723307,53893,20120606,75.5,23,60.0,23,9999.9,0,1001.4,23,10.0,23,7.5,23,12.0,15.9,84.2*,62.6*,0.00I,999.9,000000
723307,53893,20120607,72.7,24,59.9,24,9999.9,0,1004.9,24,10.0,24,5.2,24,8.9,999.9,87.8*,60.8*,0.00I,999.9,000000
723307,53893,20120608,76.9,24,63.9,24,9999.9,0,1005.4,24,9.8,24,6.1,24,9.9,999.9,87.8*,66.2*,0.00I,999.9,000000
723307,53893,20120609,73.4,24,64.5,24,9999.9,0,1004.7,23,8.7,24,7.5,24,14.0,20.0,82.4*,69.8*,99.99,999.9,010000
723307,53893,20120610,71.8,24,68.2,24,9999.9,0,1003.5,24,7.8,24,6.6,24,11.1,999.9,75.2*,69.8*,99.99,999.9,110010
723307,53893,20120611,77.4,23,71.8,23,9999.9,0,1005.2,23,9.3,23,8.3,23,36.9,54.0,89.6*,71.6*,99.99,999.9,010010
723307,53893,20120612,70.8,24,66.4,24,9999.9,0,1007.2,24,9.3,24,6.7,24,13.0,20.0,78.8*,66.2*,0.16A,999.9,010010
723307,53893,20120613,76.8,22,66.6,22,9999.9,0,1006.3,22,9.0,22,4.3,22,8.0,999.9,87.8*,66.2*,0.00I,999.9,000000
723307,53893,20120614,75.6,23,62.9,23,9999.9,0,1005.9,23,10.0,23,3.3,23,8.0,999.9,91.4*,62.6*,0.00I,999.9,000000
723307,53893,20120615,78.1,24,68.1,24,9999.9,0,1007.6,24,10.0,24,6.0,24,9.9,15.9,87.8*,69.8*,0.00I,999.9,000000
723307,53893,20120616,79.6,23,67.0,23,9999.9,0,1010.3,22,10.0,23,5.8,23,9.9,999.9,87.8*,71.6*,0.00I,999.9,000000
723307,53893,20120617,77.2,23,63.5,23,9999.9,0,1008.6,23,10.0,23,3.5,23,8.9,14.0,87.8*,64.4*,0.00I,999.9,000000
723307,53893,20120618,78.8,24,66.0,24,9999.9,0,1006.1,24,10.0,24,6.4,24,13.0,999.9,89.6*,68.0*,0.00I,999.9,000000
723307,53893,20120619,79.3,23,64.5,23,9999.9,0,1008.3,23,10.0,23,5.9,23,9.9,15.9,89.6*,66.2*,0.00I,999.9,000000
723307,53893,20120620,79.8,23,63.0,23,9999.9,0,1009.2,23,10.0,23,4.9,23,7.0,999.9,89.6*,66.2*,0.00I,999.9,000000
723307,53893,20120621,78.5,23,63.0,23,9999.9,0,1007.7,23,10.0,23,1.7,23,8.0,999.9,89.6*,64.4*,0.00I,999.9,000000
723307,53893,20120622,82.0,24,66.6,24,9999.9,0,1004.1,24,9.9,24,3.6,24,9.9,999.9,95.0*,68.0*,0.00I,999.9,000000
723307,53893,20120623,83.2,23,68.2,23,9999.9,0,1003.0,22,9.4,23,2.9,23,8.0,999.9,98.6*,69.8*,0.00I,999.9,000000
723307,53893,20120624,84.7,23,68.9,23,9999.9,0,1002.9,23,9.8,23,4.5,23,8.9,999.9,100.4*,71.6*,0.00I,999.9,000000
723307,53893,20120625,84.2,22,68.2,22,9999.9,0,999.7,22,10.0,22,4.9,22,15.0,20.0,100.4*,69.8*,0.00I,999.9,000000
723307,53893,20120626,84.9,24,63.3,24,9999.9,0,998.4,23,10.0,24,7.7,24,13.0,19.0,96.8*,71.6*,0.00I,999.9,000000
723307,53893,20120627,77.6,23,57.6,23,9999.9,0,1003.2,23,10.0,23,3.4,23,8.0,999.9,98.6*,59.0*,0.00I,999.9,000000
723307,53893,20120628,82.9,23,66.3,23,9999.9,0,1006.9,23,9.7,23,1.3,23,6.0,999.9,102.2*,66.2*,0.00I,999.9,000000
723307,53893,20120629,89.0,23,70.7,23,9999.9,0,1005.6,22,7.7,23,2.5,23,8.0,999.9,102.2*,73.4*,0.00I,999.9,000000
723307,53893,20120630,89.0,24,71.4,24,9999.9,0,1003.2,23,7.7,24,2.2,24,6.0,999.9,100.4*,75.2*,0.00I,999.9,000000
723307,53893,20120701,86.5,24,73.4,23,9999.9,0,1006.3,17,7.5,24,2.7,24,11.1,15.9,98.6*,77.0*,99.99,999.9,010010
723307,53893,20120702,84.2,22,70.4,22,9999.9,0,1007.8,22,9.1,22,3.1,22,9.9,999.9,98.6*,71.6*,0.00I,999.9,000000
723307,53893,20120703,86.2,24,65.5,24,9999.9,0,1007.2,24,10.0,24,3.0,24,8.0,999.9,100.4*,69.8*,0.00I,999.9,000000
723307,53893,20120704,83.7,23,67.1,23,9999.9,0,1006.6,23,9.7,23,3.2,23,14.0,20.0,100.4*,69.8*,99.99,999.9,010010
723307,53893,20120705,81.6,22,70.0,22,9999.9,0,1006.8,22,9.9,22,3.4,22,7.0,999.9,95.0*,73.4*,0.00I,999.9,000000
723307,53893,20120706,83.1,24,71.4,24,9999.9,0,1006.1,24,9.7,24,4.1,24,19.0,36.9,96.8*,71.6*,0.11A,999.9,010010
723307,53893,20120707,79.8,24,70.7,24,9999.9,0,1006.6,24,9.3,24,2.9,24,7.0,999.9,91.4*,68.0*,0.00I,999.9,000000
723307,53893,20120708,81.9,24,72.8,24,9999.9,0,1007.0,24,9.9,24,4.3,24,8.9,999.9,89.6*,75.2*,0.00I,999.9,000000
723307,53893,20120709,76.2,20,71.5,20,9999.9,0,1006.3,20,8.6,20,2.8,20,9.9,999.9,89.6*,69.8*,0.29A,999.9,010010
723307,53893,20120710,75.7,20,70.8,20,9999.9,0,1005.2,20,9.1,20,4.5,20,15.9,24.1,87.8*,71.6*,99.99,999.9,010000
723307,53893,20120711,72.5,23,70.8,23,9999.9,0,1005.5,23,6.2,23,6.7,23,11.1,15.9,78.8*,71.6*,99.99,999.9,010000
723307,53893,20120712,72.9,24,70.3,24,9999.9,0,1005.9,24,6.9,24,6.2,24,8.9,999.9,80.6*,69.8*,0.04A,999.9,010000
723307,53893,20120713,76.1,24,70.2,24,9999.9,0,1007.8,24,9.4,24,3.0,24,8.0,999.9,87.8*,69.8*,99.99,999.9,010010
723307,53893,20120714,78.2,23,72.8,23,9999.9,0,1007.9,22,9.9,23,4.5,23,9.9,999.9,87.8*,73.4*,0.00I,999.9,000000
723307,53893,20120715,78.7,24,71.8,24,9999.9,0,1009.2,24,8.2,24,5.8,24,13.0,999.9,91.4*,71.6*,0.00I,999.9,000000
723307,53893,20120716,82.6,24,73.0,24,9999.9,0,1008.4,24,9.3,23,2.1,24,7.0,999.9,93.2*,71.6*,0.00I,999.9,000000
723307,53893,20120717,84.0,23,73.8,23,9999.9,0,1006.0,23,9.8,23,2.3,23,8.0,999.9,95.0*,73.4*,0.00I,999.9,000000
723307,53893,20120718,78.8,24,73.2,24,9999.9,0,1006.6,24,8.9,24,4.3,24,14.0,21.0,95.0*,73.4*,99.99,999.9,010010
723307,53893,20120719,76.0,23,72.5,23,9999.9,0,1007.8,23,9.0,23,5.4,23,12.0,999.9,84.2*,71.6*,99.99,999.9,010010
723307,53893,20120720,79.6,24,72.9,24,9999.9,0,1005.6,24,10.0,24,4.3,24,8.0,999.9,91.4*,71.6*,0.00I,999.9,000000
723307,53893,20120721,80.3,24,73.8,22,9999.9,0,1005.6,23,9.5,24,6.8,24,12.0,14.0,87.8*,73.4*,99.99,999.9,010010
723307,53893,20120722,80.8,24,73.1,24,9999.9,0,1008.7,23,8.6,24,6.2,24,9.9,999.9,89.6*,75.2*,99.99,999.9,010000
723307,53893,20120723,82.8,24,72.9,24,9999.9,0,1011.3,24,10.0,24,3.3,24,7.0,999.9,93.2*,71.6*,0.00I,999.9,000000
723307,53893,20120724,84.0,24,73.6,23,9999.9,0,1009.3,24,9.6,24,3.7,24,8.9,999.9,93.2*,73.4*,0.00I,999.9,000000
723307,53893,20120725,83.7,23,72.8,23,9999.9,0,1006.2,23,10.0,22,3.2,23,9.9,999.9,93.2*,73.4*,0.00I,999.9,000000
723307,53893,20120726,84.4,23,74.1,23,9999.9,0,1004.3,23,10.0,23,5.0,23,9.9,999.9,93.2*,75.2*,0.00I,999.9,000000
723307,53893,20120727,81.7,22,74.1,22,9999.9,0,1005.1,21,9.0,22,5.0,22,13.0,21.0,89.6*,75.2*,99.99,999.9,010010
723307,53893,20120728,79.1,24,72.0,24,9999.9,0,1007.3,24,9.1,24,3.4,24,9.9,15.0,93.2*,69.8*,0.05A,999.9,010010
723307,53893,20120729,86.0,24,75.1,24,9999.9,0,1006.6,23,9.8,24,2.5,24,7.0,999.9,96.8*,75.2*,0.00I,999.9,000000
723307,53893,20120730,83.1,24,74.3,24,9999.9,0,1005.3,23,10.0,24,4.0,24,8.9,999.9,95.0*,75.2*,0.00I,999.9,000000
723307,53893,20120731,84.9,24,75.7,24,9999.9,0,1003.6,23,10.0,24,4.1,24,7.0,999.9,91.4*,80.6*,0.00I,999.9,000000
723307,53893,20120801,82.4,23,72.6,22,9999.9,0,1003.9,17,9.1,23,2.4,23,9.9,18.1,100.4*,71.6*,99.99,999.9,010010
723307,53893,20120802,79.8,24,72.7,24,9999.9,0,1002.9,24,10.0,24,4.8,24,20.0,25.1,89.6*,73.4*,0.00I,999.9,000000
723307,53893,20120803,80.9,24,75.9,24,9999.9,0,1003.1,24,7.6,24,5.7,24,8.0,999.9,91.4*,77.0*,99.99,999.9,010010
723307,53893,20120804,80.3,22,74.6,22,9999.9,0,1006.1,22,8.9,22,6.1,22,8.9,999.9,96.8*,73.4*,0.00I,999.9,000000
723307,53893,20120805,83.5,24,75.0,24,9999.9,0,1008.9,24,7.8,24,3.7,24,8.0,999.9,96.8*,77.0*,0.00I,999.9,000000
723307,53893,20120806,78.6,24,73.8,24,9999.9,0,1008.1,24,7.8,24,2.3,24,18.1,26.0,84.2*,75.2*,99.99,999.9,010010
723307,53893,20120807,81.7,24,72.1,24,9999.9,0,1005.3,24,6.6,24,1.6,24,7.0,999.9,96.8*,69.8*,0.00I,999.9,100000
723307,53893,20120808,84.3,23,72.9,23,9999.9,0,1005.2,23,8.9,23,2.7,23,8.0,999.9,96.8*,73.4*,0.00I,999.9,000000
723307,53893,20120809,76.5,23,71.7,23,9999.9,0,1003.8,22,7.4,23,6.7,23,28.9,39.0,89.6*,69.8*,99.99,999.9,010010
723307,53893,20120810,75.7,24,70.3,24,9999.9,0,1001.0,24,9.3,24,3.9,24,7.0,999.9,84.2*,68.0*,0.00I,999.9,000000
723307,53893,20120811,77.0,24,65.2,24,9999.9,0,1003.5,24,10.0,24,6.1,24,9.9,999.9,87.8*,66.2*,0.00I,999.9,000000
723307,53893,20120812,74.8,24,62.4,24,9999.9,0,1006.7,24,8.8,24,1.7,24,6.0,999.9,87.8*,60.8*,0.00I,999.9,000000
723307,53893,20120813,74.6,22,66.9,22,9999.9,0,1005.9,22,9.9,22,5.5,22,13.0,24.1,86.0,69.8,99.99,999.9,010010
723307,53893,20120814,77.6,21,69.9,21,9999.9,0,1004.0,21,9.9,21,3.9,21,12.0,999.9,89.6*,69.8*,99.99,999.9,010010
723307,53893,20120815,75.9,24,68.8,24,9999.9,0,1005.2,24,6.4,24,1.3,24,8.0,999.9,87.8*,66.2*,0.00I,999.9,000000
723307,53893,20120816,78.3,22,71.7,22,9999.9,0,1006.3,22,7.9,22,3.0,22,12.0,999.9,89.6*,71.6*,0.00I,999.9,000000
723307,53893,20120817,75.3,22,69.6,22,9999.9,0,1005.8,22,9.0,22,6.7,22,17.1,24.1,86.0*,69.8*,99.99,999.9,010010
723307,53893,20120818,75.0,24,70.5,24,9999.9,0,1003.7,24,8.4,24,2.7,24,12.0,17.1,82.4*,69.8*,99.99,999.9,010010
723307,53893,20120819,75.2,23,66.9,22,9999.9,0,1002.6,22,7.6,23,2.7,23,7.0,999.9,84.2*,69.8*,0.00I,999.9,000000
723307,53893,20120820,74.6,24,62.1,24,9999.9,0,1003.7,24,9.2,24,3.5,24,12.0,999.9,87.8*,64.4*,0.00I,999.9,000000
723307,53893,20120821,74.3,23,61.5,23,9999.9,0,1006.5,23,9.1,23,2.4,23,6.0,999.9,87.8*,62.6*,0.00I,999.9,000000
723307,53893,20120822,74.7,21,61.1,21,9999.9,0,1009.0,21,8.6,21,3.1,21,7.0,999.9,89.6*,60.8*,0.00I,999.9,000000
723307,53893,20120823,75.8,22,62.4,22,9999.9,0,1009.4,22,8.7,22,1.8,22,6.0,999.9,89.6*,62.6*,0.00I,999.9,000000
723307,53893,20120824,76.6,24,63.3,24,9999.9,0,1008.3,24,7.8,24,2.2,24,8.0,999.9,89.6*,62.6*,0.00I,999.9,000000
723307,53893,20120825,75.6,23,68.5,23,9999.9,0,1008.2,21,8.8,23,2.4,23,8.0,14.0,80.6*,68.0*,99.99,999.9,010000
723307,53893,20120826,78.0,23,67.5,23,9999.9,0,1009.0,23,9.7,23,3.3,23,6.0,999.9,89.6*,68.0*,0.00I,999.9,000000
723307,53893,20120827,79.3,24,67.0,24,9999.9,0,1007.2,24,8.0,24,3.4,24,9.9,15.0,91.4*,64.4*,0.00I,999.9,000000
723307,53893,20120828,77.8,24,68.5,24,9999.9,0,1003.5,24,9.8,24,7.2,24,14.0,18.1,84.2*,69.8*,0.00I,999.9,000000
723307,53893,20120829,78.0,23,71.5,23,9999.9,0,1001.7,23,10.0,23,10.2,23,19.0,999.9,86.0*,73.4*,0.00I,999.9,000000
723307,53893,20120830,77.6,22,72.1,22,9999.9,0,1001.5,21,7.7,22,12.5,22,15.9,29.9,80.6*,75.2*,99.99,999.9,010000
723307,53893,20120831,78.3,23,73.6,23,9999.9,0,1007.6,22,9.0,23,11.2,23,20.0,31.1,84.2*,73.4*,99.99,999.9,010010
723307,53893,20120901,79.6,24,73.8,24,9999.9,0,1009.4,19,8.7,24,7.3,24,9.9,999.9,87.8*,73.4*,0.00I,999.9,000000
723307,53893,20120902,79.9,23,73.3,23,9999.9,0,1006.1,23,9.2,23,7.5,23,9.9,15.9,89.6*,73.4*,0.00I,999.9,000000
723307,53893,20120903,80.6,24,73.2,24,9999.9,0,1003.3,23,9.4,24,6.6,24,13.0,22.0,91.4*,69.8*,0.55A,999.9,010010
723307,53893,20120904,82.8,22,75.0,22,9999.9,0,1001.7,22,10.0,22,5.4,22,13.0,18.1,93.2*,75.2*,0.41A,999.9,010010
723307,53893,20120905,80.1,24,73.9,24,9999.9,0,1002.1,24,6.2,24,4.9,24,8.9,999.9,89.6*,73.4*,0.00I,999.9,100000
723307,53893,20120906,79.6,23,71.8,23,9999.9,0,1003.7,23,9.2,23,4.7,23,12.0,19.0,89.6*,71.6*,0.00I,999.9,000000
723307,53893,20120907,81.9,23,73.0,23,9999.9,0,1003.4,23,8.5,23,3.4,23,8.0,999.9,93.2*,73.4*,0.00I,999.9,000000
723307,53893,20120908,76.8,23,69.7,23,9999.9,0,1001.7,22,10.0,23,6.0,23,12.0,15.9,84.2*,73.4*,99.99,999.9,010000
723307,53893,20120909,68.2,22,55.3,22,9999.9,0,1006.6,21,10.0,22,3.8,22,9.9,14.0,82.4*,55.4*,0.00I,999.9,000000
723307,53893,20120910,69.8,24,57.4,23,9999.9,0,1009.3,24,9.8,24,2.9,24,8.0,999.9,86.0*,55.4*,0.00I,999.9,000000
723307,53893,20120911,70.5,24,58.5,24,9999.9,0,1011.1,23,10.0,24,2.5,24,9.9,999.9,84.2*,57.2*,0.00I,999.9,000000
723307,53893,20120912,72.3,24,62.2,24,9999.9,0,1012.4,24,9.9,24,6.1,24,12.0,15.9,82.4*,60.8*,0.00I,999.9,000000
723307,53893,20120913,73.9,23,60.9,23,9999.9,0,1012.6,23,10.0,23,6.3,23,9.9,14.0,86.0*,62.6*,0.00I,999.9,000000
723307,53893,20120914,75.1,23,62.4,23,9999.9,0,1012.6,23,9.7,23,3.4,23,8.9,15.0,87.8*,62.6*,0.00I,999.9,000000
723307,53893,20120915,72.8,24,62.1,24,9999.9,0,1011.5,23,8.0,24,2.4,24,6.0,999.9,86.0*,60.8*,0.00I,999.9,000000
723307,53893,20120916,75.5,23,64.4,23,9999.9,0,1007.9,22,8.0,23,1.9,23,7.0,999.9,87.8*,64.4*,0.00I,999.9,000000
723307,53893,20120917,74.3,24,69.4,24,9999.9,0,1002.8,24,7.2,24,5.3,24,11.1,999.9,82.4,71.6,99.99,999.9,010000
723307,53893,20120918,70.5,24,65.8,24,9999.9,0,1000.0,23,7.9,24,5.9,24,9.9,18.1,78.8*,66.2*,0.39A,999.9,010000
723307,53893,20120919,62.3,24,48.6,24,9999.9,0,1009.1,24,10.0,24,5.1,24,9.9,999.9,75.2*,50.0*,0.00I,999.9,000000
723307,53893,20120920,62.6,24,49.2,24,9999.9,0,1009.2,24,9.7,24,0.8,24,5.1,999.9,80.6*,48.2*,0.00I,999.9,000000
723307,53893,20120921,73.0,15,56.7,15,9999.9,0,1007.3,15,10.0,15,4.9,15,8.9,999.9,82.4*,57.2*,0.00I,999.9,000000
723307,53893,20120922,77.3,13,60.7,13,9999.9,0,1007.7,13,10.0,13,6.5,13,9.9,999.9,86.0*,64.4*,0.00I,999.9,000000
723307,53893,20120923,70.9,15,53.2,15,9999.9,0,1012.1,15,10.0,15,4.6,15,9.9,999.9,78.8*,57.2*,0.00I,999.9,000000
723307,53893,20120924,67.3,15,45.7,15,9999.9,0,1012.8,15,10.0,15,3.9,15,8.0,999.9,78.8*,51.8*,0.00I,999.9,000000
723307,53893,20120925,68.5,24,56.7,24,9999.9,0,1010.4,23,10.0,24,5.7,24,9.9,999.9,82.4*,57.2*,0.00I,999.9,000000
723307,53893,20120926,74.8,14,59.5,14,9999.9,0,1010.7,14,10.0,14,5.7,14,8.9,999.9,86.0*,59.0*,0.00I,999.9,000000
723307,53893,20120927,73.2,24,63.2,24,9999.9,0,1010.6,24,9.3,24,0.9,24,6.0,999.9,87.8*,62.6*,0.00I,999.9,000000
723307,53893,20120928,75.0,24,65.0,24,9999.9,0,1009.0,24,8.1,24,0.7,24,4.1,999.9,87.8*,62.6*,0.00I,999.9,100000
723307,53893,20120929,74.1,24,67.0,24,9999.9,0,1005.8,23,7.1,24,1.2,24,4.1,999.9,84.2*,66.2*,0.00I,999.9,000000
723307,53893,20120930,67.6,24,64.6,24,9999.9,0,1000.8,24,5.2,24,5.5,24,14.0,17.1,75.2*,64.4*,99.99,999.9,010000
723307,53893,20121001,64.9,23,63.1,23,9999.9,0,991.0,17,5.6,23,5.9,23,12.0,16.9,69.8*,62.6*,0.81A,999.9,010000
723307,53893,20121002,64.3,24,56.2,24,9999.9,0,999.3,24,9.1,24,5.6,24,8.0,999.9,73.4*,57.2*,0.00I,999.9,000000
723307,53893,20121003,64.9,24,56.5,24,9999.9,0,1008.0,24,8.2,24,3.3,24,6.0,999.9,78.8*,53.6*,0.00I,999.9,000000
723307,53893,20121004,69.6,24,60.1,24,9999.9,0,1013.0,24,9.5,24,4.7,24,8.0,999.9,82.4*,60.8*,0.00I,999.9,000000
723307,53893,20121005,69.4,24,59.5,24,9999.9,0,1010.9,24,6.6,24,2.8,24,9.9,999.9,82.4*,57.2*,0.00I,999.9,100000
723307,53893,20121006,59.7,24,54.3,24,9999.9,0,1008.4,23,9.9,24,6.6,24,13.0,18.1,73.4*,53.6*,99.99,999.9,010000
723307,53893,20121007,52.9,23,44.4,23,9999.9,0,1011.3,22,10.0,23,7.9,23,12.0,18.1,57.2*,48.2*,0.00I,999.9,000000
723307,53893,20121008,54.1,23,45.1,23,9999.9,0,1012.0,22,9.8,23,5.9,23,11.1,15.0,62.6*,48.2*,99.99,999.9,010000
723307,53893,20121009,53.0,22,44.5,22,9999.9,0,1010.9,21,6.8,22,0.6,22,15.9,999.9,69.8*,39.2*,0.00I,999.9,100000
723307,53893,20121010,61.3,22,52.9,22,9999.9,0,1010.3,22,10.0,22,4.5,22,9.9,999.9,75.2*,51.8*,0.00I,999.9,000000
723307,53893,20121011,60.9,22,53.6,22,9999.9,0,1013.6,22,8.5,22,2.3,22,6.0,999.9,75.2*,48.2*,0.00I,999.9,000000
723307,53893,20121012,70.5,23,61.0,23,9999.9,0,1013.8,23,7.8,23,2.6,23,8.0,999.9,86.0*,55.4*,0.00I,999.9,000000
723307,53893,20121013,73.1,24,64.0,24,9999.9,0,1012.8,24,8.5,24,7.1,24,12.0,18.1,82.4*,66.2*,0.00I,999.9,000000
723307,53893,20121014,71.5,24,65.5,24,9999.9,0,1008.6,23,8.4,24,8.7,24,18.1,29.9,77.0*,64.4*,99.99,999.9,010000
723307,53893,20121015,68.9,24,58.2,24,9999.9,0,1006.0,24,9.0,24,5.3,24,9.9,14.0,78.8*,60.8*,0.00I,999.9,000000
723307,53893,20121016,60.1,23,51.6,23,9999.9,0,1005.5,23,9.7,23,2.4,23,8.0,999.9,73.4*,48.2*,0.00I,999.9,000000
723307,53893,20121017,63.6,22,52.7,22,9999.9,0,1000.7,22,10.0,22,7.3,22,14.0,18.1,77.0*,51.8*,0.00I,999.9,000000
723307,53893,20121018,66.7,24,52.0,24,9999.9,0,999.0,24,10.0,24,7.7,24,17.1,22.0,73.4*,55.4*,0.83A,999.9,010010
723307,53893,20121019,59.6,23,38.7,21,9999.9,0,1000.9,23,9.2,23,7.4,23,14.0,22.0,71.6*,48.2*,0.00I,999.9,000000
723307,53893,20121020,57.6,24,43.1,24,9999.9,0,1004.1,24,10.0,24,0.9,24,7.0,999.9,73.4*,42.8*,0.00I,999.9,000000
723307,53893,20121021,61.9,24,47.7,24,9999.9,0,1008.2,23,10.0,24,5.1,24,8.0,999.9,78.8*,48.2*,0.00I,999.9,000000
723307,53893,20121022,66.0,22,51.7,22,9999.9,0,1010.4,22,10.0,22,5.5,22,8.0,999.9,82.4*,53.6*,0.00I,999.9,000000
723307,53893,20121023,65.2,24,53.3,24,9999.9,0,1009.7,24,10.0,24,4.8,24,8.0,999.9,78.8*,51.8*,0.00I,999.9,000000
723307,53893,20121024,66.7,24,54.3,24,9999.9,0,1009.2,24,10.0,24,3.9,24,8.0,999.9,80.6*,55.4*,0.00I,999.9,000000
723307,53893,20121025,67.8,23,57.1,23,9999.9,0,1006.9,23,9.0,23,4.5,23,8.0,999.9,80.6*,55.4*,0.00I,999.9,000000
723307,53893,20121026,63.3,24,56.4,24,9999.9,0,1006.6,24,8.6,24,5.3,24,13.0,20.0,73.4*,53.6*,0.00I,999.9,000000
723307,53893,20121027,49.1,23,40.8,23,9999.9,0,1008.5,23,10.0,23,12.1,23,15.9,21.0,53.6,46.4,0.00I,999.9,000000
723307,53893,20121028,51.7,23,36.1,23,9999.9,0,1007.6,22,10.0,23,10.2,23,15.9,25.1,60.8*,42.8*,0.00I,999.9,000000
723307,53893,20121029,47.1,24,31.4,24,9999.9,0,1010.5,24,10.0,24,8.2,24,15.0,26.0,59.0*,37.4*,0.00I,999.9,000000
723307,53893,20121030,47.4,23,28.1,23,9999.9,0,1006.7,22,10.0,23,6.9,23,12.0,19.0,62.6*,39.2*,0.00I,999.9,000000
723307,53893,20121031,50.9,21,35.3,21,9999.9,0,1005.3,21,10.0,21,2.4,21,7.0,999.9,66.2*,39.2*,0.00I,999.9,000000
723307,53893,20121101,53.4,23,38.3,23,9999.9,0,1007.3,15,10.0,23,2.8,23,6.0,999.9,69.8*,37.4*,0.00I,999.9,000000
723307,53893,20121102,59.4,24,46.9,24,9999.9,0,1006.2,24,10.0,24,1.9,24,6.0,999.9,82.4*,44.6*,0.00I,999.9,000000
723307,53893,20121103,66.0,24,53.2,24,9999.9,0,1007.5,24,8.8,24,3.4,24,12.0,15.0,84.2*,51.8*,0.00I,999.9,000000
723307,53893,20121104,62.2,22,50.0,22,9999.9,0,1008.8,20,9.9,22,4.1,22,8.0,14.0,71.6*,55.4*,99.99,999.9,010000
723307,53893,20121105,47.9,23,37.6,23,9999.9,0,1009.1,23,9.9,23,3.5,23,9.9,999.9,59.0*,37.4*,99.99,999.9,010000
723307,53893,20121106,48.9,22,43.0,22,9999.9,0,1006.6,22,8.2,22,4.6,22,8.9,999.9,57.2*,41.0*,99.99,999.9,010000
723307,53893,20121107,49.5,21,39.5,21,9999.9,0,1007.3,21,9.9,21,5.3,21,13.0,19.0,60.8*,42.8*,0.00I,999.9,000000
723307,53893,20121108,44.8,22,34.5,22,9999.9,0,1013.3,22,8.0,22,2.4,22,999.9,999.9,60.8*,30.2*,0.00I,999.9,000000
723307,53893,20121109,49.1,23,37.2,23,9999.9,0,1014.2,23,9.3,23,3.2,23,8.0,999.9,68.0*,35.6*,0.00I,999.9,000000
723307,53893,20121110,56.2,23,43.1,23,9999.9,0,1014.2,23,10.0,23,5.6,23,9.9,14.0,71.6*,44.6*,0.00I,999.9,000000
723307,53893,20121111,62.1,24,48.6,24,9999.9,0,1012.9,24,10.0,24,10.7,24,18.1,26.0,75.2*,53.6*,0.00I,999.9,000000
723307,53893,20121112,57.7,23,48.9,23,9999.9,0,1013.8,22,9.7,23,10.1,23,15.9,22.9,68.0*,46.4*,99.99,999.9,010010
723307,53893,20121113,42.6,24,28.7,24,9999.9,0,1020.7,24,10.0,24,7.0,24,12.0,19.0,55.4*,32.0*,0.00I,999.9,000000
723307,53893,20121114,42.2,23,31.5,23,9999.9,0,1017.7,23,10.0,23,5.0,23,8.0,999.9,55.4*,33.8*,0.00I,999.9,000000
723307,53893,20121115,45.6,23,35.4,23,9999.9,0,1015.9,23,9.3,23,4.8,23,8.0,999.9,60.8*,32.0*,0.00I,999.9,000000
723307,53893,20121116,47.2,24,33.8,24,9999.9,0,1016.7,24,10.0,24,4.8,24,9.9,999.9,64.4*,33.8*,0.00I,999.9,000000
723307,53893,20121117,47.6,24,32.1,24,9999.9,0,1018.5,24,10.0,24,4.6,24,8.0,999.9,64.4*,33.8*,0.00I,999.9,000000
723307,53893,20121118,46.4,22,33.9,22,9999.9,0,1018.4,21,9.8,22,2.1,22,8.0,999.9,64.4*,32.0*,0.00I,999.9,000000
723307,53893,20121119,46.9,23,37.9,23,9999.9,0,1016.3,23,10.0,23,0.6,23,5.1,999.9,64.4*,33.8*,0.00I,999.9,000000
723307,53893,20121120,53.8,23,42.7,23,9999.9,0,1012.7,23,9.5,23,1.2,23,5.1,999.9,71.6*,42.8*,0.00I,999.9,000000
723307,53893,20121121,55.8,24,44.7,24,9999.9,0,1011.8,24,10.0,24,3.3,24,9.9,999.9,71.6*,42.8*,0.00I,999.9,000000
723307,53893,20121122,52.8,24,41.9,24,9999.9,0,1013.2,23,6.3,24,2.6,24,8.0,999.9,71.6*,35.6*,0.00I,999.9,100000
723307,53893,20121123,54.3,23,44.3,23,9999.9,0,1012.8,22,10.0,23,5.0,23,12.0,18.1,62.6*,44.6*,0.00I,999.9,000000
723307,53893,20121124,44.3,23,26.8,23,9999.9,0,1015.5,22,10.0,23,7.3,23,12.0,15.9,51.8*,33.8*,0.00I,999.9,000000
723307,53893,20121125,40.2,24,24.4,24,9999.9,0,1012.0,24,10.0,24,3.0,24,9.9,999.9,62.6*,24.8*,0.00I,999.9,000000
723307,53893,20121126,47.4,23,36.5,23,9999.9,0,1010.1,23,10.0,23,6.4,23,11.1,999.9,60.8*,39.2*,99.99,999.9,010000
723307,53893,20121127,51.1,23,46.9,23,9999.9,0,1012.3,23,8.3,23,7.7,23,14.0,22.0,57.2*,44.6*,99.99,999.9,010010
723307,53893,20121128,40.1,23,31.1,22,9999.9,0,1019.6,23,6.4,23,3.9,23,6.0,999.9,55.4*,28.4*,0.00I,999.9,100000
723307,53893,20121129,41.5,24,30.5,24,9999.9,0,1018.8,23,9.7,24,2.6,24,9.9,999.9,60.8*,26.6*,0.00I,999.9,000000
723307,53893,20121130,47.7,23,39.1,22,9999.9,0,1016.2,23,7.3,23,4.3,23,7.0,999.9,64.4*,35.6*,0.00I,999.9,100000
723307,53893,20121201,52.8,24,45.4,24,9999.9,0,1014.7,19,8.3,24,4.8,24,14.0,15.9,69.8*,39.2*,0.00I,999.9,000000
723307,53893,20121202,59.8,24,52.9,24,9999.9,0,1014.5,23,7.6,24,7.0,24,9.9,999.9,73.4*,51.8*,0.00I,999.9,100000
723307,53893,20121203,61.2,24,53.0,24,9999.9,0,1013.4,24,9.6,24,6.9,24,13.0,999.9,73.4*,51.8*,0.00I,999.9,000000
723307,53893,20121204,63.3,24,58.4,24,9999.9,0,1012.6,24,8.5,24,8.4,24,12.0,22.9,69.8*,59.0*,99.99,999.9,010000
723307,53893,20121205,58.3,24,55.1,24,9999.9,0,1012.4,24,6.9,24,4.6,24,8.0,999.9,60.8*,55.4*,0.03A,999.9,010000
723307,53893,20121206,60.0,23,55.1,23,9999.9,0,1008.3,23,6.5,23,4.6,23,8.0,999.9,69.8*,55.4*,0.00I,999.9,100000
723307,53893,20121207,59.9,23,54.4,23,9999.9,0,1005.5,23,8.0,23,7.4,23,13.0,17.1,64.4*,55.4*,0.00I,999.9,000000
723307,53893,20121208,62.6,24,58.0,24,9999.9,0,1004.5,23,4.8,24,6.7,24,9.9,999.9,71.6*,57.2*,0.00I,999.9,100000
723307,53893,20121209,63.6,24,57.9,24,9999.9,0,1004.9,23,6.2,24,7.6,24,12.0,999.9,71.6*,59.0*,0.00I,999.9,000000
723307,53893,20121210,58.8,23,54.3,23,9999.9,0,1000.5,23,7.8,23,8.2,23,15.9,27.0,69.8*,42.8*,0.34A,999.9,010010
723307,53893,20121211,40.0,15,29.1,15,9999.9,0,1010.1,9,9.8,15,6.5,15,9.9,999.9,46.4*,33.8*,0.00I,999.9,000000
723307,53893,20121212,40.2,14,26.6,14,9999.9,0,1015.5,13,10.0,14,7.9,14,12.0,15.0,48.2*,33.8*,0.00I,999.9,000000
723307,53893,20121213,39.2,24,26.4,24,9999.9,0,1017.3,24,10.0,24,3.4,24,6.0,999.9,57.2*,26.6*,0.00I,999.9,000000
723307,53893,20121214,42.5,24,33.6,24,9999.9,0,1015.9,24,10.0,24,3.5,24,12.0,999.9,59.0*,28.4*,0.00I,999.9,000000
723307,53893,20121215,53.6,24,45.5,24,9999.9,0,1009.2,23,10.0,24,8.9,24,15.9,20.0,62.6*,48.2*,0.00I,999.9,000000
723307,53893,20121216,61.2,23,56.4,23,9999.9,0,1003.3,22,6.9,23,8.8,23,12.0,15.9,64.4*,57.2*,99.99,999.9,010010
723307,53893,20121217,59.7,24,54.9,24,9999.9,0,998.4,24,9.0,24,8.3,24,19.0,22.9,66.2*,57.2*,0.02A,999.9,010000
723307,53893,20121218,49.5,23,41.3,23,9999.9,0,1003.3,23,8.0,23,4.3,23,9.9,999.9,62.6*,37.4*,0.00I,999.9,100000
723307,53893,20121219,53.2,24,42.8,24,9999.9,0,1005.5,24,10.0,24,7.4,24,11.1,15.9,69.8*,42.8*,0.00I,999.9,000000
723307,53893,20121220,56.5,22,45.0,22,9999.9,0,1001.0,22,9.3,22,13.1,22,20.0,35.0,62.6*,44.6*,0.17G,999.9,010000
723307,53893,20121221,41.7,24,18.6,24,9999.9,0,1013.9,24,10.0,24,10.3,24,14.0,22.0,51.8*,33.8*,0.00G,999.9,000000
723307,53893,20121222,37.8,22,22.0,22,9999.9,0,1017.5,22,10.0,22,2.9,22,7.0,999.9,55.4*,26.6*,0.00I,999.9,000000
723307,53893,20121223,44.1,23,34.3,23,9999.9,0,1010.8,23,9.4,23,6.6,23,11.1,15.0,51.8*,37.4*,0.00I,999.9,000000
723307,53893,20121224,57.0,24,50.4,24,9999.9,0,1002.7,24,9.6,24,7.7,24,11.1,18.1,64.4*,51.8*,0.08A,999.9,000000
723307,53893,20121225,48.4,24,45.2,24,9999.9,0,1001.2,24,5.2,24,7.2,24,15.9,20.0,57.2,44.6,99.99,999.9,010000
723307,53893,20121226,41.3,23,34.0,23,9999.9,0,997.6,22,9.7,23,12.3,23,18.1,27.0,55.4*,33.8*,0.00I,999.9,000000
723307,53893,20121227,34.9,22,25.6,22,9999.9,0,1012.1,22,10.0,22,4.7,22,9.9,15.9,41.0*,32.0*,0.00I,999.9,000000
723307,53893,20121228,37.3,24,32.1,24,9999.9,0,1006.5,24,8.1,24,7.1,24,15.9,21.0,44.6,32.0,0.65B,999.9,010000
723307,53893,20121229,39.5,24,34.0,24,9999.9,0,1007.2,24,9.0,24,8.3,24,18.1,21.0,46.4*,35.6*,0.17A,999.9,010000
723307,53893,20121230,33.0,24,22.4,24,9999.9,0,1021.3,23,9.5,24,4.2,24,9.9,15.0,44.6*,24.8*,0.00I,999.9,000000
723307,53893,20121231,39.0,24,29.9,24,9999.9,0,1017.2,22,10.0,24,4.5,24,12.0,999.9,46.4*,33.8*,0.00I,999.9,000000
