747804,13824,20170101,58.0,24,55.5,24,1021.3,24,1019.2,19,10.0,24,3.3,24,8.9,999.9,72.0*,50.5*,0.02G,999.9,000000
747804,13824,20170102,70.2,24,68.4,24,1020.7,24,1018.9,24,10.0,24,5.4,24,8.9,999.9,80.8,50.7,0.00I,999.9,000000
747804,13824,20170103,68.9,24,68.5,24,1012.3,16,1011.1,23,9.2,24,6.9,24,22.9,39.0,80.8,64.2,0.57G,999.9,110010
747804,13824,20170104,61.1,24,55.9,24,1009.5,24,1007.6,23,10.0,24,9.3,24,14.0,18.1,75.0,54.5,0.06G,999.9,000000
747804,13824,20170105,57.5,24,48.8,24,1012.7,24,1010.8,24,10.0,24,5.0,24,8.9,999.9,70.7,48.0,0.00G,999.9,000000
747804,13824,20170106,54.1,24,50.0,24,1013.9,23,1012.0,24,10.0,24,1.7,24,7.0,999.9,69.1,47.5,0.00I,999.9,000000
747804,13824,20170107,45.0,24,42.2,24,1018.0,12,1015.0,24,9.0,24,4.4,24,12.0,21.0,63.3,37.2,1.50G,999.9,010000
747804,13824,20170108,34.9,24,21.6,24,1034.4,22,1032.3,24,10.0,24,2.5,24,8.9,999.9,50.4,27.1,0.03G,999.9,000000
747804,13824,20170109,37.1,24,21.5,24,1038.7,24,1036.8,24,10.0,24,2.3,24,6.0,999.9,47.5,27.1,0.00G,999.9,000000
747804,13824,20170110,46.0,24,41.2,24,1032.8,24,1030.9,24,10.0,24,1.5,24,7.0,999.9,64.4,29.5,0.00I,999.9,000000
747804,13824,20170111,55.9,24,53.2,24,1028.1,21,1026.4,24,9.5,24,2.3,24,9.9,999.9,72.1,33.8,0.00I,999.9,100000
747804,13824,20170112,62.0,24,58.2,24,1028.0,19,1025.9,24,9.3,24,1.8,24,7.0,999.9,75.7,43.7,0.00I,999.9,000000
747804,13824,20170113,61.1,23,57.3,23,1030.3,18,1028.2,23,8.1,23,1.4,23,5.1,999.9,77.7,47.5,0.00I,999.9,000000
747804,13824,20170114,59.5,24,56.0,24,1030.1,18,1028.3,24,7.9,24,2.1,24,7.0,999.9,77.7,46.8,0.01G,999.9,100000
747804,13824,20170115,58.3,24,53.4,24,1026.1,19,1024.5,24,5.1,24,1.8,24,5.1,999.9,75.4*,46.4*,0.00G,999.9,100000
747804,13824,20170116,60.0,24,57.1,24,1025.5,15,1023.5,24,7.6,24,3.0,24,12.0,999.9,72.7*,53.6*,0.01A,999.9,100000
747804,13824,20170117,62.2,24,58.1,24,1023.5,18,1022.2,24,5.3,24,3.1,24,8.9,999.9,76.6,53.2,0.01A,999.9,100000
747804,13824,20170118,65.5,24,60.6,24,1019.7,21,1017.9,24,10.0,24,8.1,24,18.1,21.0,77.4,56.1,0.00I,999.9,000000
747804,13824,20170119,63.6,24,57.7,24,1016.3,22,1014.5,24,9.6,24,5.0,24,9.9,999.9,78.1,53.8,0.00I,999.9,100000
747804,13824,20170120,65.5,24,62.2,24,1012.0,17,1010.7,24,8.4,24,4.7,24,11.1,17.1,78.6,53.8,0.00I,999.9,000000
747804,13824,20170121,66.2,24,66.0,24,1010.8,20,1008.9,24,9.8,24,4.6,24,27.0,40.0,78.6,57.6,0.85B,999.9,010010
747804,13824,20170122,62.0,24,62.0,24,1003.1,11,1000.8,24,7.3,24,6.8,24,15.0,42.0,74.5,59.5,1.82G,999.9,010010
747804,13824,20170123,57.3,24,55.5,24,993.5,16,991.4,24,9.1,24,9.6,24,20.0,27.0,64.2*,51.8*,3.72G,999.9,010010
747804,13824,20170124,57.4,24,49.8,24,1005.1,23,1003.4,24,10.0,24,11.4,24,15.9,24.1,68.5,48.4,0.07G,999.9,000000
747804,13824,20170125,56.1,24,48.9,24,1013.0,17,1010.9,24,10.0,24,3.9,24,8.9,999.9,75.9,42.6,0.02G,999.9,000000
747804,13824,20170126,64.6,24,57.1,24,1011.4,13,1009.3,24,10.0,24,9.8,24,21.0,28.9,71.4*,59.9*,0.00G,999.9,010000
747804,13824,20170127,52.2,24,34.8,24,1015.5,10,1014.3,24,10.0,24,6.7,24,18.1,22.9,72.5,42.6,0.02G,999.9,010010
747804,13824,20170128,48.0,24,30.5,24,1017.7,23,1015.8,24,10.0,24,9.8,24,14.0,22.0,59.5,39.7,0.00G,999.9,000000
747804,13824,20170129,49.5,24,31.7,24,1015.8,23,1013.9,24,10.0,24,10.4,24,18.1,28.0,60.1,39.7,0.00I,999.9,000000
747804,13824,20170130,48.8,24,31.2,24,1017.6,24,1015.4,21,10.0,24,10.0,24,18.1,27.0,60.1,36.0,0.00I,999.9,000000
747804,13824,20170131,54.4,24,41.3,24,1020.4,24,1018.8,21,10.0,24,6.0,24,12.0,18.1,73.9,36.0,0.00I,999.9,000000
747804,13824,20170201,61.1,24,52.1,24,1020.7,16,1018.6,20,10.0,24,7.3,24,15.9,20.0,74.8,40.3,0.00I,999.9,000000
747804,13824,20170202,61.6,24,54.1,24,1021.3,18,1019.5,23,10.0,24,4.7,24,8.0,999.9,77.2,48.4,0.00I,999.9,000000
747804,13824,20170203,62.1,24,56.0,24,1020.4,24,9999.9,0,10.0,24,5.8,24,15.0,15.9,77.4,48.4,0.00I,999.9,000000
747804,13824,20170204,51.6,21,39.2,21,1025.8,21,1026.3,12,10.0,21,10.3,21,14.0,21.0,66.6*,43.3*,0.00I,999.9,000000
747804,13824,20170205,50.3,24,38.9,24,1023.5,24,1021.6,24,10.0,24,5.5,24,11.1,999.9,65.7,37.9,0.00I,999.9,000000
747804,13824,20170206,53.5,24,47.7,24,1021.8,24,1019.9,24,8.9,24,2.9,24,7.0,999.9,70.3,37.9,0.00H,999.9,110000
747804,13824,20170207,61.0,24,57.7,24,1017.4,24,1015.5,24,8.2,24,4.5,24,13.0,19.0,76.8,39.7,0.02A,999.9,010000
747804,13824,20170208,65.4,24,63.0,24,1009.6,24,1007.8,24,9.7,24,8.0,24,15.9,28.0,77.0*,59.0*,0.27G,999.9,010010
747804,13824,20170209,64.5,24,53.4,24,1011.6,24,1009.8,24,10.0,24,13.0,24,22.0,32.1,76.3,54.9,0.11G,999.9,010000
747804,13824,20170210,47.9,24,32.4,24,1028.4,24,1026.5,24,10.0,24,6.1,24,13.0,20.0,71.2,37.9,0.00G,999.9,000000
747804,13824,20170211,56.7,24,47.5,24,1024.2,22,1022.6,24,10.0,24,4.1,24,13.0,15.9,79.2,37.9,0.00I,999.9,000000
747804,13824,20170212,66.1,24,61.4,24,1019.4,24,1017.6,24,9.9,24,8.0,24,15.0,24.1,80.6*,57.7*,0.00I,999.9,000000
747804,13824,20170213,65.2,24,51.9,24,1017.3,24,1015.5,24,10.0,24,5.8,24,12.0,999.9,81.0,56.5,0.00I,999.9,000000
747804,13824,20170214,56.7,24,50.9,24,1015.6,24,1013.8,24,10.0,24,2.0,24,8.0,999.9,72.9,41.7,0.00I,999.9,000000
747804,13824,20170215,66.4,24,62.4,24,1005.3,24,1003.5,24,9.9,24,10.5,24,22.9,31.1,80.8*,59.4*,0.07B,999.9,010000
747804,13824,20170216,55.2,24,34.5,24,1012.0,24,1010.1,24,10.0,24,9.0,24,15.0,21.0,66.2*,40.5*,0.00I,999.9,000000
747804,13824,20170217,54.1,24,36.4,24,1016.9,24,1015.0,24,10.0,24,5.2,24,9.9,999.9,73.0,38.7,0.00I,999.9,000000
747804,13824,20170218,58.2,24,47.8,24,1015.7,24,1013.9,24,10.0,24,3.3,24,8.0,999.9,73.0,38.7,0.00I,999.9,000000
747804,13824,20170219,60.3,24,52.6,24,1015.7,24,1013.8,24,10.0,24,4.4,24,12.0,19.0,77.4,46.9,0.00I,999.9,000000
747804,13824,20170220,61.3,24,52.1,24,1020.0,24,1018.1,24,10.0,24,3.0,24,8.0,999.9,77.4,46.9,0.00I,999.9,000000
747804,13824,20170221,63.3,24,60.0,24,1019.4,24,1017.6,24,9.5,24,4.3,24,9.9,999.9,75.7,47.3,0.00I,999.9,100000
747804,13824,20170222,65.3,24,64.5,24,1012.3,24,1010.5,24,9.4,24,5.5,24,11.1,15.9,75.0,55.2,0.21G,999.9,010000
747804,13824,20170223,67.1,24,64.0,24,1009.3,24,1007.5,24,10.0,24,5.9,24,15.9,21.0,76.5,61.0,0.71G,999.9,000000
747804,13824,20170224,67.3,24,63.4,24,1010.6,24,1008.7,24,10.0,24,4.5,24,9.9,15.0,78.4,59.0,0.00G,999.9,000000
747804,13824,20170225,67.9,24,62.7,24,1009.4,24,1007.6,24,8.5,24,5.3,24,14.0,20.0,80.2,57.7,0.00I,999.9,100000
747804,13824,20170226,57.3,24,31.0,24,1019.2,24,1017.4,24,10.0,24,2.7,24,7.0,999.9,80.2,38.8,0.00I,999.9,000000
747804,13824,20170227,58.4,24,51.6,24,1025.3,24,1023.4,21,10.0,24,4.0,24,14.0,20.0,74.8,38.8,0.00H,999.9,010000
747804,13824,20170228,68.8,24,66.8,24,1024.0,24,1022.7,20,10.0,24,3.3,24,8.0,999.9,79.3*,60.8*,0.00H,999.9,010000
747804,13824,20170301,73.5,24,69.4,24,1018.5,23,1016.1,19,10.0,24,7.4,24,15.0,21.0,85.8,60.1,0.00A,999.9,000000
747804,13824,20170302,65.9,24,55.3,24,1016.7,24,1014.9,24,9.9,24,9.0,24,15.9,22.0,85.8,58.6,0.11G,999.9,010000
747804,13824,20170303,54.4,24,32.0,24,1028.2,24,1026.3,24,10.0,24,5.8,24,12.0,20.0,70.3,42.6,0.00G,999.9,000000
747804,13824,20170304,52.1,24,32.4,24,1033.4,24,1031.5,24,10.0,24,8.0,24,12.0,15.9,68.5,42.6,0.00I,999.9,000000
747804,13824,20170305,53.4,24,40.8,24,1032.7,24,1030.8,24,10.0,24,4.0,24,8.9,999.9,67.6,39.0,0.00I,999.9,000000
747804,13824,20170306,60.8,24,54.2,24,1030.7,24,1028.8,24,10.0,24,7.1,24,15.0,999.9,70.0*,54.5*,0.00I,999.9,000000
747804,13824,20170307,62.5,24,58.0,24,1027.4,24,1025.5,24,9.8,24,5.7,24,14.0,19.0,73.4*,50.0*,0.00I,999.9,000000
747804,13824,20170308,68.2,24,62.1,24,1023.9,24,1022.1,24,10.0,24,5.1,24,8.9,15.9,77.4,50.4,0.00H,999.9,010000
747804,13824,20170309,61.5,24,51.1,24,1023.2,24,1021.4,24,10.0,24,2.6,24,8.0,999.9,77.4,44.8,0.00I,999.9,000000
747804,13824,20170310,64.4,24,54.8,24,1016.5,24,1014.7,24,10.0,24,7.9,24,17.1,25.1,80.2,44.8,0.00I,999.9,000000
747804,13824,20170311,59.1,24,37.8,24,1021.8,24,1019.9,24,10.0,24,8.0,24,17.1,22.0,80.2,48.9,0.00I,999.9,000000
747804,13824,20170312,54.1,24,45.5,24,1022.0,24,1020.1,24,10.0,24,4.7,24,11.1,20.0,57.9*,43.9*,0.00H,999.9,010000
747804,13824,20170313,45.5,24,43.4,24,1020.6,24,1018.8,24,9.9,24,2.5,24,7.0,999.9,58.3,40.5,0.07B,999.9,010000
747804,13824,20170314,48.6,24,43.1,24,1010.5,24,1008.7,24,9.2,24,7.9,24,18.1,22.9,59.4,40.5,0.25G,999.9,010000
747804,13824,20170315,43.4,24,22.8,24,1020.2,24,1018.3,24,10.0,24,13.3,24,20.0,27.0,59.4,33.6,0.00G,999.9,000000
747804,13824,20170316,41.1,24,17.8,24,1026.7,24,1024.8,24,10.0,24,6.1,24,12.0,17.1,57.2,28.0,0.00I,999.9,000000
747804,13824,20170317,47.0,24,29.8,24,1028.3,24,1026.4,24,10.0,24,3.1,24,12.0,999.9,64.8,28.0,0.00I,999.9,000000
747804,13824,20170318,61.0,24,46.8,24,1023.4,24,1021.6,24,10.0,24,8.5,24,20.0,25.1,79.9*,48.9*,0.00I,999.9,000000
747804,13824,20170319,61.1,24,44.5,24,1019.8,24,1018.0,24,10.0,24,9.3,24,15.0,22.0,79.9,48.7,0.00I,999.9,000000
747804,13824,20170320,53.8,24,42.2,24,1022.7,24,1020.8,24,10.0,24,3.7,24,12.0,999.9,71.6,36.5,0.00I,999.9,000000
747804,13824,20170321,67.9,24,54.5,24,1017.3,24,1015.5,24,10.0,24,6.6,24,14.0,20.0,89.6*,53.8*,0.00I,999.9,000000
747804,13824,20170322,70.6,24,59.2,24,1015.8,24,1014.0,24,9.9,24,7.6,24,18.1,34.0,79.5*,60.3*,0.00I,999.9,000000
747804,13824,20170323,60.7,24,50.2,24,1029.2,17,1025.7,23,10.0,24,8.3,24,12.0,15.0,79.7,55.8,0.00I,999.9,000000
747804,13824,20170324,61.1,24,52.6,24,1030.0,23,1028.1,24,10.0,24,5.5,24,15.0,20.0,75.0,49.6,0.00I,999.9,000000
747804,13824,20170325,67.1,24,57.2,24,1025.1,23,1023.4,24,10.0,24,6.0,24,13.0,18.1,76.5,49.6,0.00I,999.9,000000
747804,13824,20170326,67.2,24,60.1,24,1021.1,24,1019.3,24,10.0,24,6.2,24,13.0,18.1,78.4,56.8,0.00I,999.9,000000
747804,13824,20170327,68.9,24,62.8,24,1019.6,19,1017.1,24,10.0,24,3.0,24,8.9,15.0,80.2,56.8,0.00I,999.9,000000
747804,13824,20170328,73.4,24,62.5,24,1015.3,23,1013.6,24,10.0,24,4.5,24,9.9,18.1,86.7,58.3,0.00I,999.9,000000
747804,13824,20170329,71.5,24,62.3,24,1015.1,24,1013.3,24,10.0,24,2.9,24,9.9,999.9,86.7,60.6,0.00I,999.9,000000
747804,13824,20170330,70.7,24,66.2,24,1015.3,24,1013.9,21,8.4,24,4.1,24,13.0,999.9,82.8,60.6,0.04A,999.9,010010
747804,13824,20170331,74.7,24,65.8,24,1009.3,24,1007.9,21,10.0,24,9.9,24,18.1,28.0,86.2,63.3,0.00H,999.9,010000
747804,13824,20170401,69.8,24,53.0,24,1013.3,24,1012.4,19,10.0,24,7.0,24,12.0,17.1,86.2,51.6,0.00A,999.9,000000
747804,13824,20170402,65.5,24,61.3,24,1017.7,24,1015.8,23,8.9,24,5.7,24,13.0,17.1,85.5,51.6,0.00I,999.9,000000
747804,13824,20170403,69.1,24,67.5,24,1015.3,24,1013.0,21,9.6,24,7.0,24,26.0,34.0,75.4,54.1,1.11B,999.9,010010
747804,13824,20170404,72.1,24,66.0,24,1010.6,24,1008.8,23,10.0,24,7.5,24,20.0,27.0,82.0,63.0,0.01A,999.9,010000
747804,13824,20170405,72.8,24,70.7,24,1012.0,24,1010.2,24,10.0,24,5.7,24,14.0,21.0,82.6,63.0,0.00H,999.9,010000
747804,13824,20170406,67.4,24,55.8,24,1008.8,24,1007.0,24,9.4,24,14.5,24,26.0,34.0,82.6,59.9,1.33G,999.9,010010
747804,13824,20170407,59.0,24,36.5,24,1013.8,22,1011.9,19,10.0,24,13.0,24,20.0,28.9,73.2,45.3,0.01G,999.9,000000
747804,13824,20170408,55.5,24,40.7,24,1017.7,24,1015.9,24,10.0,24,6.0,24,8.9,999.9,70.2,41.0,0.00G,999.9,000000
747804,13824,20170409,59.4,24,46.9,24,1021.3,24,1019.4,24,10.0,24,3.1,24,9.9,15.0,73.9,41.0,0.00I,999.9,000000
747804,13824,20170410,64.6,24,55.9,24,1024.5,24,1022.7,24,9.8,24,3.7,24,11.1,15.9,77.0,44.6,0.00I,999.9,000000
747804,13824,20170411,66.2,24,58.0,24,1024.9,24,1023.0,24,10.0,24,3.8,24,8.9,18.1,78.4,51.4,0.00I,999.9,000000
747804,13824,20170412,67.3,24,58.6,24,1023.4,23,1021.5,24,9.6,24,2.7,24,8.9,999.9,79.2,51.4,0.00I,999.9,100000
747804,13824,20170413,68.3,24,59.6,24,1023.4,24,1021.6,24,10.0,24,3.2,24,8.9,999.9,81.0,54.1,0.00I,999.9,000000
747804,13824,20170414,69.7,24,63.8,24,1024.1,24,1022.3,24,10.0,24,4.0,24,12.0,17.1,81.0,54.1,0.00I,999.9,000000
747804,13824,20170415,70.2,24,64.2,24,1025.8,24,1024.0,24,9.6,24,3.7,24,9.9,999.9,80.6,59.2,0.00I,999.9,000000
747804,13824,20170416,70.0,24,62.8,24,1024.7,24,1022.9,24,9.6,24,2.6,24,8.9,999.9,79.9,59.7,0.00I,999.9,100000
747804,13824,20170417,70.3,24,62.5,24,1020.5,24,1018.6,24,9.8,24,3.7,24,11.1,999.9,82.4*,57.2*,0.00I,999.9,000000
747804,13824,20170418,72.6,24,66.2,24,1020.0,24,1018.2,24,10.0,24,3.2,24,9.9,999.9,84.4,57.9,0.00I,999.9,000000
747804,13824,20170419,72.6,24,67.3,24,1023.1,24,1021.0,11,9.4,24,2.1,24,8.0,999.9,84.4,62.6,0.00H,999.9,010000
747804,13824,20170420,72.0,24,66.8,24,1021.6,24,1018.2,10,9.6,24,2.2,24,8.9,999.9,84.0,60.4,0.00I,999.9,000000
747804,13824,20170421,72.8,24,66.3,24,1017.2,24,1015.4,24,10.0,24,5.9,24,14.0,15.9,85.6,60.4,0.00I,999.9,000000
747804,13824,20170422,74.5,24,69.0,24,1013.5,21,1011.9,24,9.9,24,6.1,24,9.9,15.9,85.8,60.4,0.00I,999.9,000000
747804,13824,20170423,76.2,24,70.5,24,1010.1,24,1008.3,24,10.0,24,7.1,24,13.0,18.1,85.8,64.8,0.00I,999.9,000000
747804,13824,20170424,72.8,24,65.6,24,1004.8,24,1003.0,24,10.0,24,9.6,24,15.9,22.9,85.5,67.3,0.03G,999.9,010010
747804,13824,20170425,67.3,24,59.5,24,1005.6,21,1003.7,24,9.9,24,9.4,24,15.0,20.0,81.3,59.5,0.00G,999.9,000000
747804,13824,20170426,72.4,24,63.4,24,1009.1,24,1007.3,24,10.0,24,4.4,24,9.9,15.0,83.1,59.9,0.00I,999.9,000000
747804,13824,20170427,75.0,24,67.1,24,1011.6,24,1009.8,23,10.0,24,4.5,24,14.0,21.0,86.7,59.9,0.00I,999.9,000000
747804,13824,20170428,78.2,24,73.7,24,1016.0,24,1014.2,24,8.7,24,3.4,24,8.0,999.9,87.6,62.4,0.00I,999.9,100000
747804,13824,20170429,78.3,24,75.6,24,1020.9,24,1019.1,22,7.5,24,7.0,24,12.0,17.1,87.6,67.8,0.00I,999.9,000000
747804,13824,20170430,77.7,24,74.5,24,1020.4,24,1018.8,20,6.9,24,7.3,24,15.0,22.0,83.5*,73.4*,0.00I,999.9,000000
747804,13824,20170501,77.9,24,74.9,24,1016.1,24,1013.6,19,9.9,24,8.4,24,13.0,24.1,84.9,72.9,0.07A,999.9,010000
747804,13824,20170502,73.6,24,60.1,24,1014.6,23,1012.8,24,9.9,24,4.6,24,15.9,22.9,84.9,61.2,0.36G,999.9,010010
747804,13824,20170503,71.0,24,55.1,24,1016.5,23,1014.7,24,10.0,24,2.2,24,8.9,14.0,85.1,55.0,0.00G,999.9,000000
747804,13824,20170504,72.5,24,66.9,24,1012.8,24,1011.0,24,9.7,24,5.0,24,15.9,22.0,85.1,55.0,0.08A,999.9,010010
747804,13824,20170505,68.8,24,60.4,24,1003.4,24,1001.6,24,10.0,24,12.7,24,22.0,32.1,80.8,61.3,0.52G,999.9,010000
747804,13824,20170506,62.3,24,48.2,24,1006.3,24,1004.5,24,10.0,24,11.4,24,20.0,27.0,77.0*,52.5*,0.00G,999.9,000000
747804,13824,20170507,66.5,24,48.6,24,1012.3,24,1010.4,24,10.0,24,7.0,24,14.0,20.0,78.8*,51.1*,0.00I,999.9,000000
747804,13824,20170508,66.1,24,47.1,24,1015.8,24,1014.0,24,10.0,24,5.0,24,11.1,17.1,81.9,49.5,0.00A,999.9,000000
747804,13824,20170509,71.7,24,56.8,24,1016.2,24,1014.4,24,10.0,24,3.6,24,11.1,15.9,90.1,49.5,0.00B,999.9,000000
747804,13824,20170510,77.7,24,61.4,24,1015.6,24,1013.8,24,10.0,24,6.3,24,12.0,17.1,93.4,54.7,0.00I,999.9,000000
747804,13824,20170511,80.2,24,63.4,24,1013.4,24,1011.6,24,10.0,24,7.5,24,15.9,19.0,95.4,59.4,0.00H,999.9,010000
747804,13824,20170512,79.0,24,62.4,24,1009.7,24,1007.9,24,10.0,24,6.9,24,12.0,20.0,95.4,64.0,0.00I,999.9,000000
747804,13824,20170513,72.0,24,68.4,24,1007.8,24,1006.0,24,9.5,24,5.1,24,13.0,25.1,91.8,65.7,0.07G,999.9,110010
747804,13824,20170514,71.6,24,65.5,24,1011.6,24,1009.8,24,10.0,24,5.8,24,9.9,15.0,80.6,65.5,2.31G,999.9,000000
747804,13824,20170515,73.0,24,62.9,24,1014.8,17,1012.8,24,10.0,24,3.3,24,8.9,999.9,87.3,59.0,0.00G,999.9,000000
747804,13824,20170516,76.1,24,65.7,24,1017.0,24,1015.2,24,10.0,24,4.4,24,9.9,999.9,89.6,59.0,0.00I,999.9,000000
747804,13824,20170517,77.0,24,70.9,24,1019.4,23,1017.5,24,8.5,24,6.7,24,13.0,18.1,89.6,63.1,0.00I,999.9,000000
747804,13824,20170518,77.6,24,70.1,24,1019.9,24,1018.1,24,10.0,24,6.8,24,11.1,15.0,84.2,71.6,0.00H,999.9,010000
747804,13824,20170519,76.8,24,68.7,24,1019.1,24,1017.3,24,10.0,24,3.0,24,8.0,999.9,85.3,67.8,0.00H,999.9,010000
747804,13824,20170520,79.4,23,75.2,23,1018.9,22,1017.1,23,9.9,23,5.3,23,12.0,15.9,86.7,67.8,0.00I,999.9,000000
747804,13824,20170521,78.7,24,76.4,24,1019.1,21,1017.3,24,10.0,24,7.0,24,11.1,15.9,86.7,71.4,0.01A,999.9,010010
747804,13824,20170522,78.5,24,75.1,24,1016.7,24,1014.9,24,10.0,24,5.0,24,13.0,19.0,87.6,73.6,99.99,999.9,010010
747804,13824,20170523,75.3,23,74.3,23,1010.6,23,1009.1,21,9.5,23,4.1,23,15.9,21.0,81.3,71.6,0.03G,999.9,110010
747804,13824,20170524,73.3,24,72.9,24,1004.6,24,1002.8,24,9.3,24,6.9,24,18.1,25.1,79.7*,68.0*,1.31G,999.9,010010
747804,13824,20170525,70.8,24,63.6,24,1005.3,24,1003.5,24,10.0,24,8.9,24,15.9,26.0,79.9,63.0,1.19G,999.9,010000
747804,13824,20170526,70.9,24,59.7,24,1014.7,24,1012.9,24,10.0,24,1.9,24,9.9,999.9,85.6,56.3,0.00G,999.9,000000
747804,13824,20170527,77.8,22,66.8,22,1015.8,22,1014.0,22,10.0,22,3.4,22,9.9,15.9,93.2*,62.8*,0.00I,999.9,000000
747804,13824,20170528,80.9,24,72.6,24,1013.2,24,1011.4,24,10.0,24,4.5,24,13.0,18.1,93.2,62.2,0.00I,999.9,000000
747804,13824,20170529,82.2,24,74.0,24,1014.2,24,1012.4,24,10.0,24,3.6,24,8.0,999.9,93.9,67.8,0.00I,999.9,000000
747804,13824,20170530,81.5,24,74.1,24,1017.5,24,1015.7,21,10.0,24,3.4,24,11.1,15.9,93.9,71.6,0.00I,999.9,000000
747804,13824,20170531,76.6,24,72.0,24,1018.5,24,1016.9,20,9.8,24,2.7,24,9.9,999.9,92.7,70.3,0.28B,999.9,010010
747804,13824,20170601,76.6,24,73.3,24,1018.0,24,1016.0,19,10.0,24,2.0,24,7.0,999.9,85.3,69.8,0.00I,999.9,000000
747804,13824,20170602,76.2,24,73.2,24,1017.0,24,1015.1,24,10.0,24,3.5,24,15.0,20.0,87.6,69.8,0.09G,999.9,010010
747804,13824,20170603,77.1,24,73.9,24,1016.5,24,1014.7,24,10.0,24,3.5,24,12.0,999.9,87.6,67.6,0.00G,999.9,010000
747804,13824,20170604,78.2,24,75.2,24,1015.2,24,1013.4,24,10.0,24,4.6,24,12.0,17.1,86.9,67.6,0.01G,999.9,000000
747804,13824,20170605,80.2,24,76.8,24,1011.3,24,1009.5,24,10.0,24,6.2,24,15.0,21.0,90.7,69.3,0.00G,999.9,010000
747804,13824,20170606,77.0,24,75.9,24,1008.3,24,1006.5,24,10.0,24,5.4,24,14.0,19.0,90.7,72.1,0.07G,999.9,010000
747804,13824,20170607,73.1,24,73.0,24,1006.4,24,1004.6,24,9.9,24,3.9,24,11.1,17.1,81.1,68.4,0.03G,999.9,010000
747804,13824,20170608,69.4,24,65.2,24,1008.9,24,1007.0,24,9.6,24,4.3,24,8.0,15.0,80.6,63.9,0.44G,999.9,010000
747804,13824,20170609,72.3,23,68.3,23,1013.3,23,1011.5,23,10.0,23,2.9,23,11.1,999.9,83.5*,60.8*,0.00G,999.9,010000
747804,13824,20170610,76.0,24,70.4,24,1017.9,24,1016.1,24,10.0,24,4.6,24,12.0,999.9,86.5,61.0,0.00H,999.9,010000
747804,13824,20170611,78.8,24,76.2,24,1021.1,24,1019.3,24,10.0,24,6.5,24,13.0,15.0,86.5,62.6,0.00H,999.9,010000
747804,13824,20170612,78.3,24,74.0,24,1020.8,24,1019.0,23,10.0,24,4.7,24,12.0,999.9,85.8,71.4,0.00I,999.9,000000
747804,13824,20170613,78.3,24,72.0,24,1018.5,24,1016.7,24,10.0,24,2.3,24,7.0,999.9,88.7,71.2,0.00H,999.9,010000
747804,13824,20170614,80.2,23,77.0,23,1016.8,16,1015.1,22,10.0,23,3.6,23,11.1,15.0,89.4,71.4,0.00H,999.9,010000
747804,13824,20170615,81.5,24,77.3,24,1014.9,24,1013.1,23,10.0,24,7.4,24,14.0,21.0,93.9,71.6,0.00I,999.9,000000
747804,13824,20170616,78.9,24,76.5,24,1012.2,22,1010.3,24,10.0,24,5.8,24,12.0,17.1,93.9,71.6,0.00I,999.9,000000
747804,13824,20170617,81.4,24,78.4,24,1011.5,23,1009.7,24,10.0,24,6.6,24,13.0,19.0,90.0,73.6,0.00A,999.9,000000
747804,13824,20170618,80.7,24,77.7,24,1014.0,24,1012.1,24,10.0,24,5.5,24,12.0,18.1,90.5,71.1,0.00I,999.9,000000
747804,13824,20170619,81.9,24,80.0,24,1015.5,24,1013.7,24,10.0,24,7.6,24,12.0,18.1,90.5,71.1,0.00H,999.9,010000
747804,13824,20170620,77.4,24,76.0,24,1017.7,24,1015.9,24,9.9,24,2.5,24,8.9,15.0,82.4*,73.4*,0.35C,999.9,010000
747804,13824,20170621,80.3,23,77.4,23,1017.8,17,1015.9,22,10.0,23,4.2,23,9.9,999.9,87.8*,75.2*,0.02C,999.9,010000
747804,13824,20170622,82.5,24,77.9,24,1017.8,11,1016.0,23,9.8,24,3.0,24,8.9,14.0,89.8,75.9,0.02A,999.9,010000
747804,13824,20170623,83.2,24,75.9,24,1016.4,24,1014.6,24,10.0,24,5.0,24,12.0,18.1,89.8,77.5,0.00I,999.9,000000
747804,13824,20170624,85.1,24,73.1,24,1015.5,24,1013.7,24,10.0,24,5.7,24,13.0,18.1,95.2,75.6,0.00I,999.9,000000
747804,13824,20170625,81.4,24,75.6,24,1017.2,24,1015.4,24,9.8,24,1.7,24,8.9,14.0,95.2,74.8,0.32A,999.9,010010
747804,13824,20170626,78.0,24,74.5,24,1017.5,24,1015.7,24,9.7,24,3.0,24,15.9,21.0,94.1,74.8,0.22C,999.9,010000
747804,13824,20170627,77.8,20,72.6,20,1016.4,20,1014.6,20,9.9,20,0.8,20,7.0,999.9,86.2,72.7,0.02B,999.9,010010
747804,13824,20170628,78.1,24,69.2,24,1018.6,23,1016.8,24,10.0,24,5.6,24,15.0,19.0,86.5,70.7,0.00I,999.9,000000
747804,13824,20170629,80.4,24,72.6,24,1020.1,24,1018.4,22,9.8,24,7.0,24,13.0,18.1,86.5,70.7,0.00H,999.9,010000
747804,13824,20170630,80.3,23,75.4,23,1018.7,23,1017.3,19,9.6,23,4.0,23,12.0,15.9,89.2,72.3,0.03G,999.9,010010
747804,13824,20170701,80.8,24,74.2,24,1018.5,23,1016.5,19,9.2,24,5.4,24,17.1,25.1,94.1*,71.6*,1.73G,999.9,010010
747804,13824,20170702,83.4,24,75.1,24,1018.9,24,1017.1,24,10.0,24,5.5,24,20.0,28.9,95.0,73.4,0.00G,999.9,010010
747804,13824,20170703,79.1,24,74.2,24,1017.9,24,1016.1,24,10.0,24,3.4,24,22.0,27.0,95.0,73.6,0.72G,999.9,010010
747804,13824,20170704,82.6,24,74.7,24,1017.4,24,1015.6,24,10.0,24,4.8,24,9.9,999.9,95.0,74.1,0.55G,999.9,000000
747804,13824,20170705,85.6,24,75.1,24,1019.0,24,1017.2,24,9.0,24,4.9,24,9.9,999.9,97.7,75.6,0.00G,999.9,000000
747804,13824,20170706,83.0,24,74.3,24,1019.5,24,1017.7,24,10.0,24,5.4,24,28.0,33.0,97.7,73.2,0.01G,999.9,010010
747804,13824,20170707,86.5,24,74.9,24,1017.3,24,1015.4,24,10.0,24,7.0,24,9.9,15.0,96.4,73.2,0.00G,999.9,000000
747804,13824,20170708,85.3,24,73.3,24,1015.6,24,1013.8,24,10.0,24,6.8,24,14.0,17.1,96.4,75.4,0.00I,999.9,000000
747804,13824,20170709,80.4,24,73.9,24,1016.4,24,1014.6,24,9.6,24,3.8,24,22.9,29.9,94.5,72.5,0.60G,999.9,010010
747804,13824,20170710,80.1,24,74.4,24,1017.4,24,1015.6,24,9.9,24,2.7,24,13.0,22.0,90.7,72.5,0.02G,999.9,010010
747804,13824,20170711,81.6,24,73.4,24,1018.5,24,1016.7,24,10.0,24,2.4,24,7.0,999.9,91.6,73.4,0.27G,999.9,010010
747804,13824,20170712,83.0,24,73.6,24,1020.3,24,1018.5,24,10.0,24,1.3,24,8.9,999.9,91.6,73.4,0.00G,999.9,010000
747804,13824,20170713,82.7,23,74.9,23,1021.0,23,1019.1,23,10.0,23,2.3,23,9.9,15.0,91.4,74.5,0.00H,999.9,010000
747804,13824,20170714,83.8,24,75.6,24,1020.3,16,1018.6,24,10.0,24,2.3,24,8.9,999.9,91.9,74.5,0.00I,999.9,000000
747804,13824,20170715,81.9,24,75.0,24,1017.9,24,1016.1,24,10.0,24,0.5,24,11.1,999.9,93.4,75.7,0.09A,999.9,010010
747804,13824,20170716,77.8,24,73.2,24,1015.5,24,1013.7,24,9.9,24,1.4,24,11.1,15.9,89.6*,73.4*,0.22C,999.9,010010
747804,13824,20170717,75.8,24,72.9,24,1016.0,24,1014.2,24,9.6,24,0.4,24,12.0,15.9,91.4,72.7,1.80C,999.9,110010
747804,13824,20170718,77.6,24,72.5,24,1018.1,24,1016.2,24,10.0,24,1.6,24,8.0,999.9,87.3,72.7,0.01C,999.9,010000
747804,13824,20170719,81.0,24,74.5,24,1018.9,24,1017.0,24,9.8,24,2.2,24,7.0,999.9,89.8,73.0,0.00H,999.9,010000
747804,13824,20170720,80.4,24,73.9,24,1017.9,24,1016.1,24,9.1,24,1.4,24,14.0,17.1,92.1*,73.4*,0.04B,999.9,010010
747804,13824,20170721,80.3,24,72.0,24,1016.5,24,1014.7,24,10.0,24,4.1,24,11.1,999.9,92.3,70.0,0.00I,999.9,000000
747804,13824,20170722,82.5,24,73.4,24,1016.0,24,1014.3,23,9.8,24,4.6,24,13.0,18.1,93.4,70.0,0.00I,999.9,000000
747804,13824,20170723,80.8,24,75.0,24,1014.1,23,1012.3,20,9.1,24,5.7,24,12.0,21.0,93.4,72.3,0.28A,999.9,010010
747804,13824,20170724,82.1,24,74.5,24,1014.3,24,1012.5,24,10.0,24,7.2,24,11.1,17.1,92.7*,76.1*,0.06A,999.9,010010
747804,13824,20170725,80.2,24,75.2,24,1016.9,24,1015.1,24,9.2,24,4.9,24,11.1,21.0,93.0,74.5,0.28G,999.9,010010
747804,13824,20170726,77.4,24,74.2,24,1018.2,19,1016.3,24,9.9,24,3.8,24,8.9,999.9,91.8,74.1,0.30G,999.9,010000
747804,13824,20170727,78.5,24,74.1,24,1016.1,24,1014.3,24,9.3,24,3.3,24,9.9,999.9,84.2*,73.4*,0.42G,999.9,010000
747804,13824,20170728,82.7,24,75.4,24,1011.7,24,1009.9,24,8.9,24,4.3,24,11.1,999.9,95.4,73.4,0.06G,999.9,110010
747804,13824,20170729,80.3,24,75.0,24,1008.1,24,1006.5,24,9.3,24,8.4,24,28.9,38.1,95.4,74.1,0.70G,999.9,010010
747804,13824,20170730,78.3,24,69.8,24,1013.6,13,1009.6,21,10.0,24,7.8,24,14.0,19.0,91.4,72.3,0.18G,999.9,010000
747804,13824,20170731,77.8,24,64.0,24,1015.9,24,1014.1,20,9.9,24,6.3,24,12.0,15.9,85.1,70.0,0.00G,999.9,000000
747804,13824,20170801,77.7,24,67.8,24,1016.7,24,1014.7,19,10.0,24,4.9,24,8.9,999.9,86.7,69.1,0.00I,999.9,000000
747804,13824,20170802,79.6,24,71.1,24,1017.7,24,1015.9,24,10.0,24,4.7,24,11.1,999.9,88.5,69.1,0.00I,999.9,000000
747804,13824,20170803,79.9,24,74.9,24,1017.7,24,1015.9,24,9.5,24,3.8,24,12.0,18.1,88.5,71.2,0.70G,999.9,010010
747804,13824,20170804,80.1,24,74.7,24,1018.0,24,1016.2,24,9.4,24,5.8,24,14.0,22.0,90.0,74.3,0.01G,999.9,010010
747804,13824,20170805,80.0,24,73.1,24,1017.1,24,1015.3,24,10.0,24,5.6,24,9.9,999.9,90.0,74.3,0.37G,999.9,010000
747804,13824,20170806,81.7,24,73.9,24,1017.5,23,1015.7,24,9.8,24,5.7,24,12.0,999.9,91.0,73.2,0.00G,999.9,000000
747804,13824,20170807,83.6,24,75.3,24,1017.3,24,1015.5,24,10.0,24,7.3,24,15.0,22.0,92.5,73.2,0.00I,999.9,000000
747804,13824,20170808,82.7,23,75.2,23,1015.7,22,1014.0,22,9.8,23,6.3,23,15.9,19.0,93.4,74.8,0.17B,999.9,010010
747804,13824,20170809,76.7,24,74.3,24,1018.2,24,1016.4,24,9.6,24,2.0,24,15.0,18.1,82.4*,71.6*,1.75C,999.9,110010
747804,13824,20170810,78.4,24,73.6,24,1020.2,24,1018.4,24,10.0,24,2.7,24,8.9,999.9,87.6,71.8,0.00H,999.9,010010
747804,13824,20170811,81.7,24,75.6,24,1017.7,24,1015.8,24,10.0,24,4.7,24,12.0,999.9,89.2,73.8,0.00H,999.9,010000
747804,13824,20170812,81.5,24,76.6,24,1013.7,24,1011.9,24,9.7,24,3.5,24,13.0,18.1,92.3,75.6,1.09B,999.9,010010
747804,13824,20170813,83.6,24,77.7,24,1013.3,24,1011.5,24,10.0,24,5.1,24,9.9,999.9,92.3,75.6,0.00D,999.9,010010
747804,13824,20170814,81.5,24,76.0,24,1013.3,24,1011.5,24,9.8,24,3.7,24,15.0,19.0,91.8,76.5,0.81D,999.9,010010
747804,13824,20170815,82.5,24,75.4,24,1012.8,24,1011.0,24,10.0,24,4.9,24,9.9,17.1,95.0*,74.8*,0.00H,999.9,010000
747804,13824,20170816,86.0,24,75.8,24,1015.1,24,1013.3,24,10.0,24,5.1,24,9.9,999.9,96.8*,75.9*,0.00H,999.9,010000
747804,13824,20170817,85.6,22,77.2,22,1016.1,21,1014.4,22,10.0,22,4.0,22,19.0,26.0,96.4,75.9,0.00H,999.9,010000
747804,13824,20170818,85.7,24,75.9,24,1014.6,24,1012.8,24,10.0,24,5.8,24,11.1,17.1,96.3*,77.0*,0.00H,999.9,010000
747804,13824,20170819,84.2,24,74.6,24,1013.8,24,1012.1,21,10.0,24,5.2,24,8.9,999.9,93.9*,75.7*,0.00H,999.9,010000
747804,13824,20170820,83.8,24,76.2,24,1016.2,23,1014.4,23,10.0,24,3.3,24,15.9,17.1,95.5,75.7,0.01D,999.9,010010
747804,13824,20170821,81.9,24,76.1,24,1019.9,19,1018.3,21,10.0,24,3.7,24,13.0,15.9,92.1,76.8,0.16D,999.9,010010
747804,13824,20170822,80.6,24,74.8,24,1018.4,19,1016.9,23,9.7,24,2.7,24,8.0,999.9,89.6*,75.0*,0.01C,999.9,010010
747804,13824,20170823,82.7,23,75.5,23,1013.4,23,1011.7,21,10.0,23,4.4,23,20.0,28.0,94.3,74.8,0.04C,999.9,010010
747804,13824,20170824,83.4,24,74.2,24,1010.8,24,1009.0,24,9.9,24,5.6,24,15.0,21.0,94.3,75.7,0.00H,999.9,010010
747804,13824,20170825,80.4,24,75.3,24,1014.0,24,1012.2,24,8.7,24,6.9,24,15.9,20.0,93.7,74.1,0.91G,999.9,110010
747804,13824,20170826,78.9,24,74.4,24,1016.2,24,1014.4,24,9.1,24,7.2,24,14.0,22.9,89.2,74.1,0.52G,999.9,110000
747804,13824,20170827,79.3,24,72.6,24,1014.3,24,1012.5,24,10.0,24,11.6,24,24.1,34.0,85.3,75.2,0.60G,999.9,010000
747804,13824,20170828,76.3,24,68.5,24,1011.1,24,1009.3,24,9.5,24,12.9,24,18.1,28.9,84.4,73.4,0.01G,999.9,010000
747804,13824,20170829,72.5,24,69.0,24,1012.0,24,1010.2,24,8.6,24,8.3,24,12.0,15.9,77.7*,68.0*,0.09G,999.9,010000
747804,13824,20170830,75.8,24,70.4,24,1016.3,24,1014.4,21,9.8,24,3.1,24,8.0,999.9,84.2*,69.4*,0.00G,999.9,010000
747804,13824,20170831,79.5,24,74.4,24,1016.9,24,1015.3,21,9.4,24,3.1,24,11.1,22.9,89.1,69.1,0.04G,999.9,110010
747804,13824,20170901,79.6,24,73.5,24,1015.3,24,1013.3,19,10.0,24,4.5,24,12.0,19.0,91.6,71.6,0.98G,999.9,010010
747804,13824,20170902,78.3,24,73.0,24,1016.0,24,1014.2,24,10.0,24,2.4,24,7.0,999.9,91.6,72.9,0.48G,999.9,010010
747804,13824,20170903,78.6,24,70.2,24,1017.8,24,1016.0,24,10.0,24,2.8,24,7.0,999.9,88.9,70.5,0.00G,999.9,010000
747804,13824,20170904,79.3,24,71.7,24,1017.8,24,1015.9,24,9.9,24,3.2,24,11.1,15.9,88.9,70.5,0.00H,999.9,010000
747804,13824,20170905,81.6,24,74.0,24,1014.6,24,1012.8,24,10.0,24,4.6,24,12.0,999.9,88.9,71.1,0.00H,999.9,010010
747804,13824,20170906,79.7,24,71.8,24,1011.9,23,1010.0,23,10.0,24,5.3,24,17.1,19.0,86.0*,74.7*,0.05D,999.9,010000
747804,13824,20170907,73.0,24,63.6,24,1016.1,20,1014.2,24,10.0,24,5.3,24,9.9,999.9,85.5,67.3,0.01D,999.9,010000
747804,13824,20170908,73.3,24,61.6,24,1018.7,22,1016.9,24,10.0,24,5.9,24,12.0,15.9,82.4*,65.3*,0.00D,999.9,010000
747804,13824,20170909,71.8,24,59.4,24,1018.3,24,1016.4,24,10.0,24,8.5,24,14.0,19.0,81.9,65.1,0.00H,999.9,010000
747804,13824,20170910,68.6,24,60.5,24,1017.5,24,1015.6,24,9.8,24,11.2,24,17.1,25.1,74.3*,60.8*,0.28C,999.9,010000
747804,13824,20170911,71.2,24,69.0,24,1004.9,24,1003.1,24,6.4,24,19.3,24,33.0,51.1,82.8,61.5,3.20G,999.9,110000
747804,13824,20170912,74.8,24,66.8,23,1007.4,23,1005.6,23,10.0,24,6.8,24,13.0,22.9,82.8,64.4,4.20G,999.9,000000
747804,13824,20170913,73.5,24,66.4,24,1012.9,24,1011.1,24,8.9,24,2.3,24,9.9,999.9,83.1,62.4,0.00G,999.9,010000
747804,13824,20170914,78.4,24,70.6,24,1013.9,24,1012.0,23,9.5,24,4.1,24,8.9,999.9,88.9,62.4,0.00I,999.9,000000
747804,13824,20170915,78.1,24,71.5,24,1016.5,18,1014.6,24,10.0,24,2.7,24,8.9,999.9,88.9,69.4,0.00B,999.9,000000
747804,13824,20170916,78.7,24,69.6,24,1017.5,24,1015.7,24,7.5,24,1.7,24,6.0,999.9,89.4*,69.8*,0.00I,999.9,000000
747804,13824,20170917,78.4,24,69.0,24,1016.2,24,1014.4,24,8.6,24,2.6,24,8.9,999.9,88.2,70.7,0.00I,999.9,000000
747804,13824,20170918,78.2,24,66.9,24,1015.0,24,1013.2,24,9.6,24,4.2,24,9.9,999.9,89.1,67.3,0.00I,999.9,000000
747804,13824,20170919,78.2,24,69.0,24,1014.4,24,1012.6,24,8.8,24,2.8,24,13.0,15.9,90.0,67.3,0.00A,999.9,000000
747804,13824,20170920,79.3,24,71.2,24,1015.2,24,1013.4,24,10.0,24,3.4,24,19.0,27.0,91.4,68.4,0.27A,999.9,010010
747804,13824,20170921,78.6,24,71.5,24,1015.8,24,1014.0,24,8.7,24,1.6,24,8.0,999.9,91.4,70.7,0.01B,999.9,110000
747804,13824,20170922,78.5,24,71.7,24,1015.7,24,1013.9,24,9.9,24,3.9,24,9.9,999.9,88.9,70.7,0.00H,999.9,110000
747804,13824,20170923,77.8,24,71.6,24,1014.9,19,1013.3,24,9.0,24,4.7,24,14.0,20.0,85.1*,71.6*,0.00H,999.9,010000
747804,13824,20170924,77.5,24,70.3,24,1014.5,24,1012.7,24,10.0,24,4.3,24,9.9,999.9,86.2,71.2,0.00H,999.9,010000
747804,13824,20170925,77.6,24,68.4,24,1012.3,24,1010.5,24,10.0,24,3.6,24,8.9,999.9,87.4,70.2,0.00H,999.9,010000
747804,13824,20170926,78.1,24,68.2,24,1011.5,24,1009.7,23,10.0,24,5.3,24,9.9,999.9,90.7,67.1,0.00H,999.9,010000
747804,13824,20170927,81.2,24,69.9,24,1011.3,21,1009.4,24,10.0,24,4.5,24,8.9,999.9,92.8,67.1,99.99,999.9,010000
747804,13824,20170928,81.1,24,71.6,24,1011.7,20,1009.9,24,10.0,24,2.4,24,7.0,22.0,95.0*,71.6*,0.11B,999.9,010000
747804,13824,20170929,81.5,24,72.7,24,1013.8,15,1011.9,18,10.0,24,2.9,24,9.9,999.9,94.8,73.6,0.00H,999.9,010000
747804,13824,20170930,78.1,24,70.3,24,1017.4,5,1014.7,12,10.0,24,7.8,24,17.1,22.0,91.4,73.6,0.00H,999.9,010000
747804,13824,20171001,72.2,24,59.2,24,1020.2,24,1018.8,19,10.0,24,10.5,24,17.1,24.1,84.0,66.0,0.00H,999.9,010000
747804,13824,20171002,71.7,24,62.0,24,1022.7,22,1020.9,23,10.0,24,9.2,24,19.0,26.0,83.1,63.5,0.00H,999.9,010000
747804,13824,20171003,75.2,24,64.9,24,1026.3,24,1024.5,24,10.0,24,9.3,24,15.0,22.0,83.1,63.5,0.00H,999.9,010000
747804,13824,20171004,74.6,24,64.4,24,1025.2,12,1024.0,24,10.0,24,8.7,24,15.0,22.0,82.6,68.0,0.00H,999.9,010000
747804,13824,20171005,75.9,24,67.3,24,1020.6,18,1019.2,24,10.0,24,7.8,24,17.1,24.1,84.9,68.0,0.02G,999.9,010000
747804,13824,20171006,76.0,24,71.2,24,1017.4,23,1015.5,24,9.8,24,6.8,24,15.0,21.0,84.9,68.5,0.00G,999.9,010000
747804,13824,20171007,76.1,5,74.3,5,1015.8,5,1014.0,5,6.2,5,4.4,5,8.9,15.0,77.0*,75.2*,0.43G,999.9,010000
747804,13824,20171010,80.5,24,75.6,24,9999.9,0,1016.0,23,10.0,24,3.5,24,8.0,999.9,87.8*,73.4*,0.03G,999.9,000000
747804,13824,20171011,79.3,24,74.0,24,1017.1,21,1015.5,24,9.6,24,2.5,24,8.0,999.9,88.0,72.9,0.00G,999.9,010000
747804,13824,20171012,78.0,24,71.6,24,1016.5,23,1014.7,23,9.9,24,1.9,24,7.0,999.9,87.8*,70.7*,99.99,999.9,010000
747804,13824,20171013,76.3,23,71.9,23,1019.3,21,1017.3,23,9.8,23,3.3,23,11.1,999.9,87.3,69.8,0.11B,999.9,010000
747804,13824,20171014,74.4,23,68.1,23,1021.7,23,1019.8,23,10.0,23,4.5,23,6.0,999.9,83.5,69.3,0.00H,999.9,010000
747804,13824,20171015,75.0,24,69.0,24,1019.9,24,1018.1,24,9.9,24,2.8,24,8.9,999.9,86.5,67.5,99.99,999.9,010000
747804,13824,20171016,75.4,24,70.4,24,1015.5,23,1013.7,24,7.5,24,4.3,24,19.0,22.9,88.2,67.5,0.25A,999.9,110010
747804,13824,20171017,63.0,24,50.2,24,1021.6,23,1019.6,24,9.9,24,10.5,24,15.0,22.9,69.8*,56.8*,0.08A,999.9,000000
747804,13824,20171018,63.6,24,51.4,24,1023.7,22,1021.8,24,10.0,24,6.6,24,9.9,15.9,75.9,53.8,0.00A,999.9,000000
747804,13824,20171019,68.2,24,58.1,24,1022.7,24,1020.9,24,10.0,24,6.1,24,8.9,999.9,80.6*,59.2*,0.00H,999.9,010000
747804,13824,20171020,68.5,24,59.5,24,1022.6,24,1020.8,24,10.0,24,4.8,24,9.9,999.9,80.4,58.8,0.00I,999.9,000000
747804,13824,20171021,69.4,24,61.9,24,1023.2,24,1021.4,24,10.0,24,4.1,24,11.1,15.9,82.0,58.8,0.00H,999.9,010000
747804,13824,20171022,73.2,24,68.7,24,1022.6,24,1020.8,24,9.7,24,5.7,24,11.1,999.9,82.2,59.7,0.10B,999.9,010000
747804,13824,20171023,75.9,24,72.0,24,1016.4,24,1014.6,24,9.8,24,7.9,24,20.0,27.0,82.2,68.9,0.33G,999.9,010010
747804,13824,20171024,67.1,24,57.4,24,1012.1,24,1010.3,24,10.0,24,3.0,24,7.0,999.9,80.8,55.8,0.58G,999.9,010000
747804,13824,20171025,58.4,24,42.8,24,1012.5,24,1010.7,24,10.0,24,4.2,24,9.9,15.9,75.6,46.9,0.00G,999.9,000000
747804,13824,20171026,54.8,24,39.7,24,1015.2,24,1013.3,24,10.0,24,3.1,24,8.9,999.9,70.3,42.1,0.00A,999.9,000000
747804,13824,20171027,58.7,24,46.8,24,1018.5,23,1016.6,24,10.0,24,1.7,24,8.0,999.9,73.4,42.1,0.00A,999.9,000000
747804,13824,20171028,65.3,24,55.9,24,1013.1,24,1011.3,24,10.0,24,2.3,24,8.0,999.9,79.0,46.0,0.00I,999.9,000000
747804,13824,20171029,61.1,24,49.4,24,1004.7,24,1002.8,24,10.0,24,9.8,24,19.0,29.9,79.0,47.3,0.00I,999.9,000000
747804,13824,20171030,48.6,24,31.7,24,1014.3,24,1012.0,21,10.0,24,5.6,24,14.0,21.0,70.2,35.1,0.00A,999.9,000000
747804,13824,20171031,56.5,24,42.1,24,1020.1,23,1018.4,20,10.0,24,2.0,24,8.0,999.9,75.9,35.1,0.00A,999.9,000000
747804,13824,20171101,60.3,24,51.4,24,1021.1,21,1019.2,19,10.0,24,1.6,24,7.0,999.9,76.3,42.8,0.00I,999.9,000000
747804,13824,20171102,66.4,24,57.3,24,1022.3,6,1020.1,23,10.0,24,1.5,24,7.0,999.9,78.8*,55.4*,99.99,999.9,010000
747804,13824,20171103,67.2,24,57.9,24,1020.6,23,1018.8,24,10.0,24,1.2,24,5.1,999.9,83.1,55.8,0.00A,999.9,000000
747804,13824,20171104,68.0,24,59.0,24,1018.5,24,1016.7,24,10.0,24,2.5,24,8.9,999.9,83.1,55.8,0.00B,999.9,000000
747804,13824,20171105,67.8,24,64.1,24,1018.8,24,1017.0,24,6.6,24,2.9,24,8.9,999.9,81.5,55.9,0.00H,999.9,010000
747804,13824,20171106,67.3,24,65.4,24,1018.9,19,1016.8,23,6.5,24,2.2,24,7.0,999.9,81.1,60.8,0.00H,999.9,110000
747804,13824,20171107,68.7,24,66.7,24,1015.9,10,1015.6,23,7.4,23,2.5,24,7.0,999.9,83.1,57.7,0.00H,999.9,110000
747804,13824,20171108,69.0,24,67.0,24,1015.5,24,1013.7,24,10.0,24,4.3,24,11.1,999.9,83.1,57.7,0.00H,999.9,010000
747804,13824,20171109,56.5,24,54.6,24,1017.3,24,1015.5,22,6.2,24,6.2,24,13.0,999.9,78.4,53.6,0.06G,999.9,010000
747804,13824,20171110,56.7,24,47.8,24,1019.9,24,1018.1,24,10.0,24,7.6,24,15.0,19.0,67.8,49.6,0.35G,999.9,010000
747804,13824,20171111,54.0,24,44.5,24,1026.1,24,1024.2,24,10.0,24,8.4,24,15.0,21.0,67.8,49.6,0.00G,999.9,000000
747804,13824,20171112,56.2,24,49.4,24,1026.1,24,1024.3,24,10.0,24,7.4,24,13.0,22.0,70.9*,48.2*,0.00H,999.9,010000
747804,13824,20171113,61.1,24,52.0,24,1023.4,24,1021.6,24,10.0,24,7.0,24,9.9,999.9,74.1,48.6,0.00I,999.9,000000
747804,13824,20171114,54.9,24,46.2,24,1022.4,24,1020.6,24,10.0,24,7.1,24,11.1,19.0,74.1,48.0,0.00A,999.9,000000
747804,13824,20171115,52.1,24,41.4,24,1020.2,24,1018.4,24,10.0,24,6.4,24,11.1,999.9,63.5,44.8,0.00I,999.9,000000
747804,13824,20171116,53.8,24,43.6,24,1018.0,24,1016.2,24,10.0,24,3.3,24,8.0,999.9,72.5,38.8,0.00I,999.9,000000
747804,13824,20171117,54.6,24,47.0,24,1019.7,24,1017.8,24,9.3,24,3.1,24,9.9,999.9,72.5,38.8,0.00H,999.9,110000
747804,13824,20171118,61.5,24,53.5,24,1016.1,24,1014.3,24,10.0,24,3.2,24,11.1,999.9,77.2,41.0,0.00A,999.9,000000
747804,13824,20171119,62.6,24,50.7,24,1010.9,24,1009.0,24,10.0,24,7.7,24,11.1,21.0,77.2,50.5,0.00H,999.9,010000
747804,13824,20171120,50.5,24,36.8,24,1021.4,24,1019.5,24,10.0,24,3.6,24,9.9,999.9,65.8,40.8,0.00I,999.9,000000
747804,13824,20171121,59.8,24,53.2,24,1019.2,24,1017.4,24,10.0,24,3.4,24,11.1,999.9,71.6,40.8,0.10A,999.9,010000
747804,13824,20171122,62.7,24,59.5,24,1015.2,24,1013.4,24,6.7,24,2.8,24,7.0,999.9,71.6,52.0,0.04B,999.9,110000
747804,13824,20171123,54.5,24,49.7,24,1016.1,24,1014.3,24,9.5,24,4.1,24,7.0,999.9,71.1,49.1,0.57C,999.9,010000
747804,13824,20171124,52.8,24,41.1,24,1014.3,24,1012.4,24,10.0,24,4.0,24,8.0,999.9,66.6,44.8,0.00I,999.9,000000
747804,13824,20171125,51.6,24,42.0,24,1015.0,24,1013.1,24,10.0,24,2.1,24,8.9,999.9,69.6,36.1,0.00I,999.9,000000
747804,13824,20171126,56.7,24,45.1,24,1017.1,24,1015.2,24,10.0,24,2.6,24,7.0,999.9,69.6,36.1,0.00A,999.9,000000
747804,13824,20171127,52.3,24,40.2,24,1020.4,24,1018.6,24,9.7,24,2.2,24,8.9,999.9,68.9,38.8,0.00I,999.9,000000
747804,13824,20171128,55.1,24,48.0,24,1024.0,22,1022.1,24,9.1,24,2.8,24,7.0,999.9,68.4,38.8,0.32B,999.9,010000
747804,13824,20171129,62.2,24,54.9,24,1023.9,22,1022.4,21,8.5,24,1.2,24,5.1,999.9,78.4,51.8,0.00I,999.9,000000
747804,13824,20171130,60.9,24,58.6,24,1021.0,23,1019.6,20,6.2,24,1.6,24,5.1,999.9,78.4,49.3,0.00A,999.9,100000
747804,13824,20171201,63.8,24,57.1,24,1019.2,24,1017.4,19,9.8,24,2.0,24,7.0,999.9,77.0,49.3,0.00D,999.9,010000
747804,13824,20171202,62.6,24,57.0,24,1019.9,24,1018.0,24,9.2,24,1.7,24,7.0,999.9,76.3,53.6,0.00I,999.9,000000
747804,13824,20171203,62.0,24,57.4,24,1020.3,24,1018.5,24,8.4,24,3.7,24,7.0,999.9,76.3,53.6,0.00H,999.9,010000
747804,13824,20171204,57.6,24,54.5,24,1023.4,24,1021.6,24,7.7,24,4.6,24,8.9,15.9,70.3,48.2,0.01G,999.9,100000
747804,13824,20171205,63.8,24,61.1,24,1022.5,24,1020.6,24,6.7,24,3.2,24,8.0,999.9,74.3,48.2,0.00G,999.9,100000
747804,13824,20171206,64.0,24,62.3,24,1017.9,19,1016.1,19,9.7,24,5.7,24,21.0,28.0,68.0*,53.6*,0.33C,999.9,010000
747804,13824,20171207,49.8,24,48.1,24,1019.4,24,1017.6,24,9.6,24,6.0,24,11.1,999.9,55.4*,45.9*,0.28D,999.9,010000
747804,13824,20171208,44.4,24,42.4,24,1015.1,24,1013.3,24,9.5,24,8.2,24,13.0,22.0,46.4*,42.8*,0.49D,999.9,010000
747804,13824,20171209,43.1,24,40.7,24,1011.7,24,1009.9,24,9.2,24,9.4,24,14.0,20.0,46.4*,40.1*,1.39G,999.9,010000
747804,13824,20171210,38.0,24,27.9,24,1021.7,17,1020.7,22,10.0,24,5.9,24,8.9,999.9,51.1,26.6,0.00G,999.9,000000
747804,13824,20171211,42.9,24,30.8,24,1022.4,23,1020.7,22,10.0,24,4.2,24,8.9,999.9,61.5,26.6,0.00I,999.9,000000
747804,13824,20171212,51.7,24,38.5,24,1012.5,24,1010.8,23,10.0,24,9.7,24,20.0,32.1,63.9,29.7,0.00I,999.9,000000
747804,13824,20171213,44.7,24,23.8,24,1015.3,22,1013.4,23,10.0,24,8.1,24,14.0,19.0,63.9,33.4,0.00I,999.9,000000
747804,13824,20171214,49.0,24,32.7,24,9999.9,0,1012.2,21,10.0,24,6.9,24,9.9,999.9,63.5*,40.8*,0.00I,999.9,000000
747804,13824,20171215,52.2,24,40.5,24,1015.6,21,1014.3,22,10.0,24,5.8,24,12.0,18.1,63.3,42.6,99.99,999.9,010000
747804,13824,20171216,47.6,24,30.0,24,1022.9,11,1022.2,15,10.0,24,5.3,24,11.1,999.9,63.3,36.3,0.00I,999.9,000000
747804,13824,20171217,47.3,24,38.6,24,1024.4,9,1022.6,14,10.0,24,2.2,24,7.0,999.9,65.5,34.7,99.99,999.9,010000
747804,13824,20171218,60.9,24,57.3,24,1021.7,14,1019.8,14,10.0,23,2.9,24,6.0,999.9,71.6*,51.6*,0.08A,999.9,010000
747804,13824,20171219,66.1,24,60.6,24,1021.2,24,1019.3,24,8.7,24,7.0,24,12.0,999.9,77.0,51.3,0.00H,999.9,010000
747804,13824,20171220,66.4,24,62.0,24,1016.2,24,1014.3,24,7.5,24,6.2,24,13.0,19.0,77.0,54.9,0.00H,999.9,110000
747804,13824,20171221,61.0,24,58.0,24,1015.8,24,1013.9,24,9.7,24,6.1,24,13.0,18.1,76.8,54.7,0.14A,999.9,010000
747804,13824,20171222,55.6,24,50.0,24,1022.4,24,1020.5,24,8.8,24,1.6,24,6.0,999.9,64.8*,44.6*,0.00H,999.9,110000
747804,13824,20171223,60.3,24,57.3,24,1020.3,24,1018.4,24,7.0,24,5.7,24,11.1,19.0,72.9,44.8,0.01C,999.9,110000
747804,13824,20171224,69.0,24,64.0,24,1016.7,24,1014.8,24,9.7,24,6.8,24,11.1,17.1,75.2,53.2,0.42C,999.9,010000
747804,13824,20171225,52.4,24,37.5,24,1021.7,24,1019.8,24,10.0,24,10.1,24,18.1,22.9,75.2,42.4,0.00B,999.9,000000
747804,13824,20171226,45.5,24,28.0,24,1028.6,24,1026.8,24,10.0,24,6.6,24,15.0,999.9,55.4,39.4,0.00I,999.9,000000
747804,13824,20171227,47.1,24,38.3,24,1026.7,24,1024.9,24,10.0,24,6.7,24,14.0,19.0,53.4,39.4,0.09B,999.9,010000
747804,13824,20171228,44.2,24,31.5,24,1028.8,24,1026.9,24,10.0,24,8.1,24,12.0,18.1,48.2,41.7,0.00H,999.9,010000
747804,13824,20171229,40.3,24,29.3,24,1026.6,24,1024.7,24,9.6,24,7.4,24,11.1,17.1,52.2*,32.0*,0.15G,999.9,010000
747804,13824,20171230,41.5,24,32.7,24,1021.0,24,1019.7,21,10.0,24,3.9,24,9.9,999.9,59.0,29.3,0.00G,999.9,000000
747804,13824,20171231,42.1,24,34.5,24,1020.2,24,1018.1,20,10.0,24,4.2,24,7.0,999.9,59.0,29.3,0.00H,999.9,010000
