702758,27517,20100101,-15.1,12,-20.7,12,9999.9,0,1026.7,11,1.8,12,22.0,12,29.9,35.0,-4.0*,-23.8*,0.00I,999.9,000000
702758,27517,20100102,-4.6,13,-9.0,13,9999.9,0,1024.0,13,3.9,13,23.2,13,26.0,34.0,-2.2*,-5.8*,0.00I,999.9,000000
702758,27517,20100103,-9.1,12,-14.2,12,9999.9,0,1026.0,12,8.3,12,10.8,12,18.1,999.9,-2.2*,-14.8*,0.00I,999.9,000000
702758,27517,20100104,-7.5,16,-11.7,15,9999.9,0,1027.2,15,3.5,16,7.8,15,13.0,999.9,-2.2*,-16.6*,0.00I,999.9,100000
702758,27517,20100105,-11.5,12,-16.9,12,9999.9,0,1026.2,12,9.5,12,5.1,12,7.0,999.9,-4.0*,-13.0*,0.00I,999.9,000000
702758,27517,20100106,-10.1,19,-15.3,19,9999.9,0,1024.5,19,8.6,19,6.6,19,11.1,999.9,-7.6*,-14.8*,99.99,999.9,001000
702758,27517,20100107,-7.2,12,-11.9,12,9999.9,0,1020.6,12,7.8,12,8.0,12,14.0,999.9,-5.8*,-11.2*,99.99,999.9,001000
702758,27517,20100108,-27.7,14,-34.0,14,9999.9,0,1029.1,14,6.6,14,11.5,13,18.1,999.9,-9.4*,-34.6*,0.00I,999.9,000000
702758,27517,20100109,-40.0,11,-47.5,11,9999.9,0,1034.5,11,5.0,11,3.5,11,7.0,999.9,-36.4*,-41.8*,99.99,999.9,101000
702758,27517,20100110,-36.6,9,-43.6,9,9999.9,0,1037.4,9,9.1,9,5.7,9,9.9,999.9,-34.6*,-43.6*,0.00I,999.9,000000
702758,27517,20100111,-31.7,11,-38.9,11,9999.9,0,1023.8,11,10.0,11,8.3,11,14.0,15.0,-27.4*,-38.2*,0.00I,999.9,000000
702758,27517,20100112,-24.9,13,-31.3,13,9999.9,0,1013.9,13,8.5,13,5.9,13,8.0,999.9,-16.6*,-38.2*,99.99,999.9,001000
702758,27517,20100113,-10.8,15,-16.4,15,9999.9,0,1009.0,15,6.5,15,6.4,15,8.9,999.9,-7.6*,-14.8*,99.99,999.9,001000
702758,27517,20100114,-27.8,13,-34.2,13,9999.9,0,1009.3,13,5.3,13,13.7,13,17.1,999.9,-13.0*,-32.8*,99.99,999.9,001000
702758,27517,20100115,-35.2,13,-42.2,13,9999.9,0,1007.7,13,5.3,13,14.4,13,15.9,999.9,-32.8*,-36.4*,0.00I,999.9,000000
702758,27517,20100116,-27.0,12,-33.8,12,9999.9,0,1003.9,12,5.6,12,13.4,12,15.9,999.9,-23.8*,-31.0*,0.00I,999.9,000000
702758,27517,20100117,-29.8,13,-36.3,13,9999.9,0,1000.8,13,9.7,13,7.7,13,12.0,999.9,-29.2*,-31.0*,99.99,999.9,001000
702758,27517,20100118,-35.2,12,-42.3,12,9999.9,0,1001.9,12,9.7,12,8.3,12,9.9,999.9,-31.0*,-36.4*,0.00I,999.9,000000
702758,27517,20100119,-41.2,12,-48.2,12,9999.9,0,1006.1,12,4.0,12,5.3,12,8.9,999.9,-38.2*,-43.6*,0.00I,999.9,000000
702758,27517,20100120,-32.9,14,-39.9,14,9999.9,0,1007.9,14,9.4,14,1.7,14,6.0,999.9,-25.6*,-41.8*,99.99,999.9,001000
702758,27517,20100121,-20.2,13,-26.6,13,9999.9,0,1010.7,13,7.8,13,6.8,13,15.0,999.9,-11.2*,-25.6*,99.99,999.9,001000
702758,27517,20100122,-25.5,14,-32.0,14,9999.9,0,1025.7,14,7.6,14,9.8,14,17.1,999.9,-14.8*,-31.0*,99.99,999.9,001000
702758,27517,20100123,-21.6,12,-27.6,12,9999.9,0,1024.7,11,10.0,12,7.3,12,14.0,999.9,-14.8*,-27.4*,0.00I,999.9,000000
702758,27517,20100124,-9.0,10,-13.7,10,9999.9,0,1020.7,10,10.0,10,5.7,10,13.0,999.9,-5.8*,-13.0*,0.00I,999.9,000000
702758,27517,20100125,-12.4,13,-17.7,13,9999.9,0,1009.0,13,10.0,13,8.5,13,14.0,999.9,1.4*,-22.0*,0.00I,999.9,000000
702758,27517,20100126,5.8,15,1.6,15,9999.9,0,1014.5,15,9.5,15,12.7,15,15.0,999.9,10.4*,1.4*,0.00I,999.9,000000
702758,27517,20100127,-13.6,15,-18.9,15,9999.9,0,1032.7,15,10.0,15,9.6,15,14.0,999.9,5.0*,-22.0*,0.00I,999.9,000000
702758,27517,20100128,-16.3,12,-22.3,12,9999.9,0,1038.9,12,4.7,12,18.2,12,22.0,25.1,-14.8*,-22.0*,0.00I,999.9,000000
702758,27517,20100129,-6.1,12,-11.1,12,9999.9,0,1028.0,12,0.4,12,22.7,12,28.0,38.1,-0.4*,-14.8*,0.00I,999.9,100000
702758,27517,20100130,-12.1,12,-17.3,12,9999.9,0,1018.6,12,8.4,12,9.6,12,24.1,29.9,-0.4*,-16.6*,0.00I,999.9,000000
702758,27517,20100131,-3.1,16,-7.5,16,9999.9,0,1018.0,14,6.0,16,12.4,16,15.9,999.9,1.4*,-13.0*,99.99,999.9,001000
702758,27517,20100201,-15.7,12,-21.2,12,9999.9,0,1026.2,12,5.2,12,11.8,12,15.9,999.9,1.4*,-25.6*,99.99,999.9,001000
702758,27517,20100202,-16.0,15,-21.6,15,9999.9,0,1028.3,15,1.2,15,19.9,15,28.0,32.1,-11.2*,-23.8*,99.99,999.9,001000
702758,27517,20100203,-10.2,11,-15.6,11,9999.9,0,1018.4,11,2.7,11,20.3,11,29.9,40.0,-7.6*,-16.6*,0.00I,999.9,000000
702758,27517,20100204,-24.6,13,-31.6,13,9999.9,0,1020.5,13,6.4,13,10.0,13,15.9,999.9,-18.4*,-27.4*,99.99,999.9,001000
702758,27517,20100205,-23.1,12,-28.7,12,9999.9,0,1016.4,12,3.0,12,14.8,12,18.1,20.0,-20.2*,-27.4*,0.00I,999.9,000000
702758,27517,20100206,-28.1,12,-34.6,12,9999.9,0,1009.4,12,8.4,12,7.3,12,15.9,20.0,-20.2*,-31.0*,0.00I,999.9,000000
702758,27517,20100207,-17.8,12,-23.4,12,9999.9,0,1006.0,12,8.9,12,2.7,12,6.0,999.9,-13.0*,-25.6*,99.99,999.9,001000
702758,27517,20100208,-17.9,11,-24.1,11,9999.9,0,1012.9,10,10.0,11,8.1,11,12.0,999.9,-14.8*,-27.4*,0.00I,999.9,000000
702758,27517,20100209,-31.8,14,-38.7,14,9999.9,0,1013.8,14,8.0,14,3.6,14,7.0,999.9,-20.2*,-34.6*,0.00I,999.9,000000
702758,27517,20100210,-9.1,13,-14.2,13,9999.9,0,1009.1,13,2.7,13,12.2,13,20.0,999.9,-2.2*,-31.0*,0.00I,999.9,000000
702758,27517,20100211,1.5,13,-2.8,13,9999.9,0,1007.9,13,8.9,13,12.7,13,17.1,999.9,5.0*,-2.2*,0.00I,999.9,000000
702758,27517,20100212,2.7,16,-1.6,16,9999.9,0,1007.9,16,2.3,16,17.9,16,22.9,27.0,5.0*,-0.4*,99.99,999.9,001000
702758,27517,20100213,1.8,14,-2.1,14,9999.9,0,1011.8,14,3.6,14,14.9,14,18.1,19.0,3.2*,-0.4*,99.99,999.9,001000
702758,27517,20100214,2.3,14,-1.9,14,9999.9,0,1013.3,14,5.8,14,11.8,14,14.0,999.9,6.8*,1.4*,99.99,999.9,001000
702758,27517,20100215,5.0,9,0.8,9,9999.9,0,1009.2,9,7.7,9,13.0,9,17.1,999.9,6.8*,3.2*,99.99,999.9,101000
702758,27517,20100216,6.6,15,2.7,15,9999.9,0,1011.1,15,5.8,15,15.5,15,18.1,999.9,8.6*,5.0*,99.99,999.9,001000
702758,27517,20100217,-0.8,15,-5.2,15,9999.9,0,1018.3,15,4.6,15,16.2,15,20.0,999.9,8.6*,-4.0*,99.99,999.9,001000
702758,27517,20100218,2.5,13,-1.8,13,9999.9,0,1021.0,12,2.7,13,19.0,13,22.0,25.1,6.8*,-2.2*,99.99,999.9,001000
702758,27517,20100219,2.7,11,-1.2,11,9999.9,0,1021.1,11,1.1,11,22.9,11,28.0,31.1,8.6*,-0.4*,99.99,999.9,001000
702758,27517,20100220,2.8,15,-1.2,15,9999.9,0,1021.3,15,0.4,14,24.4,14,29.9,35.9,3.2*,1.4*,99.99,999.9,001000
702758,27517,20100221,0.3,13,-3.6,13,9999.9,0,1025.6,13,1.4,12,24.0,12,31.1,32.1,3.2*,-2.2*,99.99,999.9,001000
702758,27517,20100222,-2.8,13,-7.3,13,9999.9,0,1025.1,13,1.0,13,22.2,13,26.0,999.9,-0.4*,-4.0*,99.99,999.9,011000
702758,27517,20100223,-11.6,13,-16.7,13,9999.9,0,1028.1,13,6.3,13,12.4,13,21.0,999.9,-4.0*,-14.8*,99.99,999.9,001000
702758,27517,20100224,-19.5,11,-25.3,11,9999.9,0,1026.1,11,9.2,11,9.1,11,12.0,999.9,-14.8*,-25.6*,0.00I,999.9,000000
702758,27517,20100225,-32.0,17,-38.4,17,9999.9,0,1021.8,17,8.0,17,6.1,17,9.9,999.9,-25.6*,-40.0*,99.99,999.9,101000
702758,27517,20100226,-35.9,11,-42.8,11,9999.9,0,1020.5,11,7.5,11,5.1,11,7.0,999.9,-34.6*,-36.4*,99.99,999.9,001000
702758,27517,20100227,-38.5,12,-46.2,12,9999.9,0,1019.1,10,7.3,12,2.7,12,6.0,999.9,-34.6*,-41.8*,99.99,999.9,001000
702758,27517,20100228,-42.9,13,-50.4,13,9999.9,0,1014.0,13,3.8,13,4.2,13,6.0,999.9,-36.4*,-45.4*,99.99,999.9,001000
702758,27517,20100301,-21.9,13,-28.4,13,9999.9,0,1008.1,13,5.9,13,5.5,13,9.9,999.9,-14.8*,-38.2*,99.99,999.9,001000
702758,27517,20100302,-13.2,15,-18.8,15,9999.9,0,1005.0,14,8.5,15,5.6,15,9.9,999.9,-9.4*,-20.2*,99.99,999.9,001000
702758,27517,20100303,-5.9,14,-10.4,14,9999.9,0,1002.4,14,3.2,14,4.5,14,8.0,999.9,-4.0*,-7.6*,0.00I,999.9,100000
702758,27517,20100304,-3.3,11,-8.3,11,9999.9,0,1000.2,11,4.6,11,1.9,11,5.1,999.9,1.4*,-7.6*,99.99,999.9,001000
702758,27517,20100305,-4.8,13,-9.4,13,9999.9,0,997.3,13,6.5,13,10.0,13,15.0,999.9,1.4*,-14.8*,99.99,999.9,001000
702758,27517,20100306,-0.3,12,-4.3,12,9999.9,0,994.0,12,7.7,12,12.6,12,15.9,999.9,3.2*,-2.2*,0.00I,999.9,000000
702758,27517,20100307,-6.5,13,-11.1,13,9999.9,0,995.7,13,7.5,13,8.4,13,11.1,999.9,-2.2*,-9.4*,99.99,999.9,001000
702758,27517,20100308,-16.3,11,-21.1,10,9999.9,0,994.8,11,8.6,11,8.2,11,12.0,999.9,-2.2*,-23.8*,0.00I,999.9,000000
702758,27517,20100309,-22.3,13,-28.4,13,9999.9,0,991.7,13,6.4,13,5.6,13,8.9,999.9,-14.8*,-27.4*,0.00I,999.9,100000
702758,27517,20100310,-10.4,15,-15.5,15,9999.9,0,990.7,15,3.4,15,13.5,15,19.0,22.9,-7.6*,-13.0*,99.99,999.9,001000
702758,27517,20100311,-14.4,16,-20.0,16,9999.9,0,993.5,16,3.4,15,17.5,16,22.0,999.9,-9.4*,-20.2*,0.00I,999.9,000000
702758,27517,20100312,-21.6,16,-27.7,16,9999.9,0,1001.7,16,7.8,16,10.5,16,21.0,999.9,-14.8*,-27.4*,0.00I,999.9,000000
702758,27517,20100313,-27.1,12,-33.7,12,9999.9,0,1006.1,12,10.0,12,7.6,12,9.9,999.9,-20.2*,-32.8*,0.00I,999.9,000000
702758,27517,20100314,-34.9,13,-42.0,12,9999.9,0,1015.4,12,10.0,13,7.7,13,8.9,999.9,-23.8*,-38.2*,0.00I,999.9,000000
702758,27517,20100315,-31.6,15,-38.6,15,9999.9,0,1025.9,15,9.3,15,5.4,15,9.9,999.9,-27.4*,-36.4*,99.99,999.9,001000
702758,27517,20100316,-28.0,13,-34.9,13,9999.9,0,1034.5,12,9.6,13,10.1,13,15.9,999.9,-20.2*,-32.8*,0.00I,999.9,000000
702758,27517,20100317,-16.6,15,-22.4,15,9999.9,0,1028.3,15,10.0,15,9.9,15,15.9,999.9,-4.0*,-22.0*,0.00I,999.9,000000
702758,27517,20100318,-2.9,16,-9.0,16,9999.9,0,1027.2,15,10.0,16,7.4,16,11.1,999.9,8.6*,-9.4*,0.00I,999.9,000000
702758,27517,20100319,-2.1,14,-7.5,14,9999.9,0,1027.8,14,2.5,14,15.3,14,21.0,999.9,8.6*,-7.6*,0.00I,999.9,100000
702758,27517,20100320,-9.7,11,-17.6,11,9999.9,0,1026.9,11,7.4,11,15.9,11,24.1,999.9,-2.2*,-14.8*,0.00I,999.9,000000
702758,27517,20100321,-10.2,12,-16.6,12,9999.9,0,1031.3,12,7.6,12,17.4,12,22.9,999.9,-4.0*,-14.8*,99.99,999.9,001000
702758,27517,20100322,-9.4,14,-15.6,14,9999.9,0,1035.8,14,9.8,14,9.9,14,19.0,999.9,-2.2*,-16.6*,0.00I,999.9,000000
702758,27517,20100323,-14.0,7,-20.2,7,9999.9,0,1039.3,7,10.0,7,8.9,7,13.0,999.9,-2.2*,-18.4*,0.00I,999.9,000000
702758,27517,20100324,-5.4,12,-10.8,12,9999.9,0,1024.5,12,2.4,12,19.9,12,24.1,29.9,1.4*,-11.2*,0.00I,999.9,000000
702758,27517,20100325,-1.4,13,-8.6,13,9999.9,0,1023.8,13,8.2,13,14.7,13,22.0,26.0,10.4*,-5.8*,0.00I,999.9,000000
702758,27517,20100326,-5.2,13,-10.5,13,9999.9,0,1014.8,12,7.5,13,10.5,13,13.0,999.9,3.2*,-9.4*,99.99,999.9,001000
702758,27517,20100327,-25.4,11,-32.3,11,9999.9,0,1001.3,11,9.0,11,5.5,11,13.0,999.9,-9.4*,-31.0*,99.99,999.9,001000
702758,27517,20100328,-16.6,14,-22.6,14,9999.9,0,989.2,13,10.0,13,2.6,14,7.0,999.9,-13.0*,-20.2*,0.00I,999.9,000000
702758,27517,20100329,-12.8,11,-19.2,11,9999.9,0,990.2,11,6.0,11,3.7,11,7.0,999.9,-5.8*,-16.6*,99.99,999.9,001000
702758,27517,20100330,-8.2,13,-14.2,12,9999.9,0,995.8,13,6.6,12,4.7,12,7.0,999.9,-4.0*,-13.0*,99.99,999.9,001000
702758,27517,20100331,-9.1,16,-14.6,16,9999.9,0,1001.4,14,6.6,16,9.5,16,18.1,24.1,1.4*,-23.8*,0.00I,999.9,100000
702758,27517,20100401,-5.1,13,-10.4,13,9999.9,0,1009.4,12,7.3,13,6.2,13,8.0,999.9,8.6*,-18.4*,99.99,999.9,001000
702758,27517,20100402,5.4,13,1.3,13,9999.9,0,1008.0,13,5.0,13,13.7,13,20.0,24.1,8.6*,3.2*,99.99,999.9,001000
702758,27517,20100403,8.5,13,3.9,13,9999.9,0,1006.0,12,5.7,13,12.5,13,15.9,22.0,12.2*,5.0*,99.99,999.9,001000
702758,27517,20100404,8.6,12,3.2,12,9999.9,0,1003.8,12,7.0,12,5.5,12,12.0,999.9,14.0*,3.2*,99.99,999.9,001000
702758,27517,20100405,-7.6,13,-13.1,13,9999.9,0,1004.0,13,7.0,13,2.6,13,7.0,999.9,6.8*,-16.6*,99.99,999.9,101000
702758,27517,20100406,-3.5,15,-8.9,15,9999.9,0,1005.0,15,5.2,15,3.5,15,7.0,999.9,6.8*,-13.0*,99.99,999.9,101000
702758,27517,20100407,3.5,14,-1.0,14,9999.9,0,1009.3,14,7.4,14,7.1,14,9.9,999.9,8.6*,1.4*,99.99,999.9,001000
702758,27517,20100408,2.9,13,-1.6,13,9999.9,0,1017.3,13,7.0,13,9.4,13,15.9,999.9,6.8*,1.4*,99.99,999.9,001000
702758,27517,20100409,-7.6,15,-13.5,15,9999.9,0,1028.1,15,10.0,15,9.7,15,13.0,999.9,3.2*,-14.8*,99.99,999.9,001000
702758,27517,20100410,-10.2,13,-15.9,13,9999.9,0,1024.3,13,4.7,13,10.8,12,15.9,999.9,-2.2*,-16.6*,0.00I,999.9,100000
702758,27517,20100411,21.5,13,14.3,13,9999.9,0,1011.3,13,10.0,13,11.1,13,13.0,999.9,26.6*,15.8*,0.00I,999.9,000000
702758,27517,20100412,23.1,15,15.6,15,9999.9,0,1003.9,15,10.0,15,8.5,15,9.9,999.9,30.2*,14.0*,0.00I,999.9,000000
702758,27517,20100413,15.0,14,8.3,14,9999.9,0,990.7,14,10.0,14,12.3,14,18.1,999.9,33.8*,6.8*,0.00I,999.9,000000
702758,27517,20100414,19.3,15,14.5,15,9999.9,0,1001.9,15,9.8,13,13.1,15,22.0,999.9,24.8*,14.0*,0.00I,999.9,000000
702758,27517,20100415,9.4,15,4.5,15,9999.9,0,1014.4,13,9.9,15,8.4,15,22.0,999.9,24.8*,-0.4*,0.00I,999.9,000000
702758,27517,20100416,5.7,13,0.6,13,9999.9,0,1012.0,13,6.3,12,7.5,13,15.0,999.9,19.4*,-0.4*,0.00I,999.9,100000
702758,27517,20100417,8.1,11,1.6,11,9999.9,0,1006.1,11,10.0,11,11.0,11,17.1,999.9,15.8*,-2.2*,0.00I,999.9,000000
702758,27517,20100418,14.6,15,8.5,15,9999.9,0,1008.3,15,8.7,15,12.2,15,15.9,999.9,24.8*,5.0*,0.00I,999.9,000000
702758,27517,20100419,14.8,13,11.2,13,9999.9,0,1006.6,13,5.0,13,4.7,13,14.0,999.9,23.0*,10.4*,0.00I,999.9,100000
702758,27517,20100420,17.5,16,14.3,16,9999.9,0,1005.5,16,8.9,16,6.3,16,12.0,999.9,21.2*,14.0*,99.99,999.9,110000
702758,27517,20100421,16.8,11,13.8,11,9999.9,0,1000.5,11,9.0,11,8.4,11,12.0,999.9,19.4*,12.2*,99.99,999.9,001000
702758,27517,20100422,23.2,11,15.1,11,9999.9,0,1002.8,11,8.5,11,5.0,11,8.0,999.9,35.6*,10.4*,0.00I,999.9,000000
702758,27517,20100423,20.3,12,12.6,12,9999.9,0,1009.3,12,10.0,12,4.4,12,11.1,999.9,32.0*,10.4*,0.00I,999.9,000000
702758,27517,20100424,23.4,9,21.0,9,9999.9,0,1010.4,8,3.3,9,7.4,9,12.0,999.9,28.4*,17.6*,99.99,999.9,101000
702758,27517,20100425,11.3,12,7.4,12,9999.9,0,1019.9,12,9.3,12,10.7,12,15.9,999.9,24.8*,6.8*,99.99,999.9,001000
702758,27517,20100426,9.3,11,5.0,11,9999.9,0,1017.9,11,8.1,11,9.8,11,15.0,999.9,17.6*,-5.8*,99.99,999.9,101000
702758,27517,20100427,17.7,13,15.0,13,9999.9,0,1010.0,12,2.1,13,9.3,13,15.9,999.9,21.2*,15.8*,0.00I,999.9,100000
702758,27517,20100428,24.5,14,22.4,14,9999.9,0,1008.2,14,3.8,14,7.8,14,17.1,999.9,26.6*,21.2*,99.99,999.9,101000
702758,27517,20100429,24.5,14,21.6,14,9999.9,0,1013.0,13,4.0,14,16.1,14,20.0,25.1,26.6*,23.0*,99.99,999.9,001000
702758,27517,20100430,19.9,10,17.4,10,9999.9,0,1015.4,10,3.2,10,18.8,10,20.0,25.1,23.0*,17.6*,0.00I,999.9,000000
702758,27517,20100501,18.0,15,14.0,15,9999.9,0,1016.5,13,3.1,15,21.0,15,22.9,29.9,21.2*,15.8*,0.00I,999.9,000000
702758,27517,20100502,17.9,11,14.2,11,9999.9,0,1020.3,11,1.9,11,18.8,11,20.0,29.9,19.4*,15.8*,0.00I,999.9,000000
702758,27517,20100503,17.7,14,13.7,14,9999.9,0,1029.3,13,4.1,14,13.7,14,18.1,24.1,21.2*,15.8*,99.99,999.9,001000
702758,27517,20100504,20.6,14,15.3,14,9999.9,0,1034.9,14,8.1,14,5.6,14,9.9,999.9,24.8*,17.6*,99.99,999.9,001000
702758,27517,20100505,14.8,16,10.4,16,9999.9,0,1041.9,16,4.7,16,5.4,16,7.0,999.9,24.8*,10.4*,99.99,999.9,101000
702758,27517,20100506,11.0,15,6.8,15,9999.9,0,1042.2,15,2.3,15,1.7,15,5.1,999.9,21.2*,5.0*,99.99,999.9,101000
702758,27517,20100507,7.6,14,2.4,14,9999.9,0,1035.0,14,7.6,14,3.4,14,7.0,999.9,19.4*,-0.4*,99.99,999.9,101000
702758,27517,20100508,12.2,12,7.7,12,9999.9,0,1028.4,12,4.2,12,13.1,12,20.0,22.9,23.0*,-0.4*,99.99,999.9,101000
702758,27517,20100509,11.8,13,5.8,13,9999.9,0,1026.5,13,9.2,12,15.3,12,19.0,25.1,19.4*,6.8*,99.99,999.9,001000
702758,27517,20100510,11.8,14,5.0,14,9999.9,0,1022.3,14,8.7,14,9.3,14,13.0,999.9,15.8*,6.8*,99.99,999.9,001000
702758,27517,20100511,11.2,14,4.9,14,9999.9,0,1019.3,14,5.6,14,14.4,14,20.0,21.0,15.8*,8.6*,99.99,999.9,011000
702758,27517,20100512,11.4,12,5.4,12,9999.9,0,1015.9,12,4.2,12,18.2,12,21.0,25.1,17.6*,6.8*,99.99,999.9,001000
702758,27517,20100513,13.7,12,8.0,12,9999.9,0,1013.9,12,7.6,12,12.8,12,18.1,999.9,19.4*,10.4*,0.00I,999.9,000000
702758,27517,20100514,20.4,13,13.9,13,9999.9,0,1015.8,13,8.4,13,7.5,13,15.0,22.9,24.8*,17.6*,0.00I,999.9,000000
702758,27517,20100515,23.5,10,19.6,10,9999.9,0,1017.9,10,7.6,10,14.3,10,17.1,999.9,26.6*,21.2*,0.00I,999.9,000000
702758,27517,20100516,23.3,12,19.8,12,9999.9,0,1018.4,12,5.1,12,16.4,12,20.0,22.0,26.6*,21.2*,99.99,999.9,110000
702758,27517,20100517,24.8,12,21.6,12,9999.9,0,1020.2,12,2.3,12,19.9,12,22.9,29.9,28.4*,21.2*,99.99,999.9,001000
702758,27517,20100518,26.4,11,22.7,11,9999.9,0,1021.9,11,2.7,11,17.1,11,20.0,999.9,28.4*,24.8*,99.99,999.9,011000
702758,27517,20100519,27.3,11,24.6,11,9999.9,0,1020.0,11,2.5,11,16.9,11,20.0,24.1,32.0*,24.8*,99.99,999.9,001000
702758,27517,20100520,25.9,12,23.6,12,9999.9,0,1019.1,12,1.9,12,16.7,11,20.0,24.1,30.2*,23.0*,99.99,999.9,011000
702758,27517,20100521,30.8,13,27.3,13,9999.9,0,1020.7,13,4.1,13,10.3,13,15.9,999.9,33.8*,26.6*,99.99,999.9,011000
702758,27517,20100522,30.6,10,26.1,10,9999.9,0,1018.3,10,8.4,10,14.1,10,18.1,24.1,33.8*,26.6*,99.99,999.9,001000
702758,27517,20100523,26.8,12,24.5,12,9999.9,0,1011.8,12,3.1,12,18.9,12,22.0,29.9,30.2*,24.8*,99.99,999.9,101000
702758,27517,20100524,31.0,9,25.2,9,9999.9,0,1013.1,9,10.0,9,10.3,9,17.1,999.9,33.8*,26.6*,0.00I,999.9,000000
702758,27517,20100525,32.6,15,28.5,15,9999.9,0,1016.3,15,4.8,14,5.4,15,9.9,999.9,35.6*,28.4*,0.00I,999.9,100000
702758,27517,20100526,30.8,13,26.7,13,9999.9,0,1022.7,13,7.2,13,6.7,13,9.9,999.9,35.6*,26.6*,99.99,999.9,101000
702758,27517,20100527,31.6,15,27.6,15,9999.9,0,1021.2,15,6.8,15,8.8,15,12.0,999.9,39.2*,26.6*,0.00I,999.9,100000
702758,27517,20100528,31.9,15,29.1,15,9999.9,0,1017.0,14,9.5,15,7.5,15,14.0,999.9,37.4*,30.2*,99.99,999.9,010000
702758,27517,20100529,32.7,16,31.0,16,9999.9,0,1020.8,16,2.1,16,8.1,15,14.0,999.9,33.8*,30.2*,0.00I,999.9,100000
702758,27517,20100530,33.9,14,29.3,14,9999.9,0,1016.3,14,7.1,14,7.5,13,9.9,999.9,41.0*,26.6*,0.00I,999.9,100000
702758,27517,20100531,32.4,13,29.4,13,9999.9,0,1009.6,13,4.3,13,7.6,13,11.1,999.9,35.6*,30.2*,99.99,999.9,110000
702758,27517,20100601,32.4,17,30.5,17,9999.9,0,1005.0,14,5.1,17,7.9,17,12.0,999.9,33.8*,32.0*,99.99,999.9,110000
702758,27517,20100602,32.7,16,31.0,16,9999.9,0,1005.0,16,3.1,16,11.6,16,17.1,999.9,33.8*,32.0*,0.00I,999.9,100000
702758,27517,20100603,33.0,17,30.2,17,9999.9,0,1007.0,17,4.1,15,19.7,15,28.9,34.0,33.8*,32.0*,99.99,999.9,010000
702758,27517,20100604,32.7,16,29.4,15,9999.9,0,1011.2,16,5.6,16,21.6,16,27.0,35.9,33.8*,32.0*,99.99,999.9,001000
702758,27517,20100605,32.3,11,28.7,11,9999.9,0,1017.4,11,3.3,10,21.7,10,28.0,33.0,35.6*,30.2*,99.99,999.9,001000
702758,27517,20100606,36.6,12,32.3,12,9999.9,0,1018.1,12,8.4,11,15.5,11,24.1,999.9,42.8*,32.0*,0.00I,999.9,000000
702758,27517,20100607,40.0,15,33.3,14,9999.9,0,1018.6,15,10.0,14,10.9,15,14.0,999.9,48.2*,33.8*,0.00I,999.9,000000
702758,27517,20100608,44.5,13,35.5,13,9999.9,0,1017.0,13,10.0,13,4.6,13,12.0,999.9,53.6*,35.6*,0.00I,999.9,100000
702758,27517,20100609,45.9,15,37.5,15,9999.9,0,1014.0,15,10.0,15,5.9,15,8.9,999.9,53.6*,39.2*,0.00I,999.9,100000
702758,27517,20100610,50.0,16,40.6,16,9999.9,0,1010.3,16,10.0,16,10.8,16,15.0,999.9,62.6*,39.2*,0.00I,999.9,000000
702758,27517,20100611,50.4,14,42.7,14,9999.9,0,1007.7,14,10.0,14,8.3,14,12.0,999.9,62.6*,42.8*,0.00I,999.9,000000
702758,27517,20100612,42.8,9,36.6,9,9999.9,0,1004.0,9,10.0,9,14.2,9,20.0,999.9,44.6*,41.0*,0.00I,999.9,000000
702758,27517,20100613,36.1,16,32.1,16,9999.9,0,1008.5,16,5.3,16,9.8,16,17.1,20.0,42.8*,32.0*,0.00I,999.9,100000
702758,27517,20100614,35.6,13,30.8,13,9999.9,0,1015.5,13,6.8,13,11.4,13,19.0,999.9,39.2*,30.2*,0.00I,999.9,100000
702758,27517,20100615,35.1,15,30.1,13,9999.9,0,1012.8,14,8.7,15,17.9,15,22.9,28.0,42.8*,32.0*,0.00I,999.9,100000
702758,27517,20100616,36.0,13,29.9,13,9999.9,0,1012.2,13,10.0,13,18.7,12,22.0,29.9,41.0*,32.0*,0.00I,999.9,000000
702758,27517,20100617,37.1,13,33.0,13,9999.9,0,1015.1,12,7.2,13,16.9,13,22.0,25.1,42.8*,33.8*,99.99,999.9,010000
702758,27517,20100618,36.1,14,33.5,14,9999.9,0,1019.0,14,3.9,14,13.9,14,18.1,24.1,41.0*,33.8*,99.99,999.9,010000
702758,27517,20100619,35.6,16,32.1,16,9999.9,0,1019.3,16,6.9,16,12.4,15,18.1,20.0,39.2*,32.0*,99.99,999.9,110000
702758,27517,20100620,35.4,10,31.1,10,9999.9,0,1022.5,10,8.9,9,13.5,10,15.9,999.9,39.2*,30.2*,0.00I,999.9,100000
702758,27517,20100621,38.9,12,32.0,12,9999.9,0,1025.6,12,10.0,12,11.5,12,14.0,999.9,44.6*,30.2*,0.00I,999.9,100000
702758,27517,20100622,39.5,16,32.4,15,9999.9,0,1020.8,16,10.0,16,12.3,16,17.1,20.0,44.6*,33.8*,0.00I,999.9,000000
702758,27517,20100623,37.0,14,33.3,14,9999.9,0,1016.2,14,5.1,14,15.3,14,18.1,24.1,41.0*,32.0*,99.99,999.9,010000
702758,27517,20100624,39.0,16,32.0,16,9999.9,0,1011.9,15,9.3,16,11.4,16,18.1,21.0,46.4*,33.8*,0.00I,999.9,000000
702758,27517,20100625,35.7,14,31.4,14,9999.9,0,1009.9,14,6.0,14,8.6,13,13.0,999.9,42.8*,30.2*,0.00I,999.9,100000
702758,27517,20100626,35.7,13,33.1,13,9999.9,0,1008.8,13,5.9,13,8.7,13,11.1,999.9,39.2*,33.8*,99.99,999.9,110000
702758,27517,20100627,37.2,15,32.0,15,9999.9,0,1009.9,15,7.7,15,7.1,15,12.0,999.9,42.8*,32.0*,0.00I,999.9,100000
702758,27517,20100628,46.8,15,36.3,15,9999.9,0,1010.9,15,10.0,15,9.4,15,15.9,999.9,55.4*,39.2*,0.00I,999.9,000000
702758,27517,20100629,46.2,16,39.9,16,9999.9,0,1008.6,16,6.8,16,13.2,16,15.9,20.0,55.4*,37.4*,0.00I,999.9,100000
702758,27517,20100630,39.3,13,36.7,13,9999.9,0,1008.7,12,4.7,13,9.7,13,15.9,999.9,46.4*,35.6*,0.00I,999.9,100000
702758,27517,20100701,37.6,15,35.5,15,9999.9,0,1011.0,15,2.8,15,7.5,15,15.0,999.9,42.8*,33.8*,0.00I,999.9,100000
702758,27517,20100702,43.9,13,40.2,13,9999.9,0,1010.1,13,4.9,13,12.8,13,17.1,999.9,51.8*,35.6*,0.00I,999.9,100000
702758,27517,20100703,44.6,16,38.3,16,9999.9,0,1010.7,16,10.0,16,10.6,16,15.9,999.9,50.0*,39.2*,0.00I,999.9,000000
702758,27517,20100704,50.1,13,42.8,13,9999.9,0,1005.9,13,5.9,13,3.2,13,12.0,999.9,62.6*,37.4*,0.00I,999.9,100000
702758,27517,20100705,41.4,12,37.0,12,9999.9,0,1008.8,12,6.4,12,10.1,12,14.0,999.9,60.8*,37.4*,0.00I,999.9,000000
702758,27517,20100706,38.5,16,32.1,16,9999.9,0,1016.0,16,9.6,16,8.7,16,15.9,999.9,46.4*,32.0*,0.00I,999.9,000000
702758,27517,20100707,42.8,13,36.6,13,9999.9,0,1015.1,13,9.7,13,11.0,13,18.1,21.0,46.4*,39.2*,99.99,999.9,010000
702758,27517,20100708,56.5,13,38.6,13,9999.9,0,1015.9,13,10.0,13,14.0,13,18.1,21.0,71.6*,42.8*,99.99,999.9,010000
702758,27517,20100709,61.9,13,44.1,12,9999.9,0,1010.8,13,10.0,13,9.7,13,19.0,999.9,71.6*,41.0*,0.00I,999.9,000000
702758,27517,20100710,43.3,10,39.7,10,9999.9,0,1006.0,9,5.0,10,11.6,10,14.0,999.9,62.6*,37.4*,0.00I,999.9,100000
702758,27517,20100711,43.3,11,40.0,11,9999.9,0,999.8,11,7.9,11,10.1,11,17.1,999.9,48.2*,41.0*,99.99,999.9,110000
702758,27517,20100712,41.1,12,34.9,12,9999.9,0,1008.1,12,8.8,12,15.5,12,21.0,999.9,44.6*,39.2*,99.99,999.9,010000
702758,27517,20100713,44.1,14,37.5,14,9999.9,0,1007.9,13,10.0,14,9.4,14,17.1,999.9,48.2*,39.2*,99.99,999.9,010000
702758,27517,20100714,41.8,15,33.9,15,9999.9,0,1009.5,15,10.0,15,11.7,14,15.9,20.0,46.4*,39.2*,0.00I,999.9,000000
702758,27517,20100715,44.2,9,37.6,9,9999.9,0,1013.7,9,8.0,9,8.1,9,15.0,999.9,46.4*,41.0*,99.99,999.9,010000
702758,27517,20100716,50.7,16,39.5,16,9999.9,0,1009.4,16,9.4,16,11.9,16,18.1,24.1,59.0*,42.8*,99.99,999.9,010000
702758,27517,20100717,52.4,15,46.2,15,9999.9,0,1003.7,15,9.5,15,11.0,15,15.0,20.0,57.2*,48.2*,99.99,999.9,010000
702758,27517,20100718,42.5,13,41.1,13,9999.9,0,1010.4,13,2.4,12,9.8,13,14.0,999.9,53.6*,39.2*,99.99,999.9,010000
702758,27517,20100719,42.7,17,40.6,17,9999.9,0,1011.5,17,4.5,17,11.6,16,19.0,999.9,48.2*,39.2*,99.99,999.9,110000
702758,27517,20100720,42.8,13,40.3,13,9999.9,0,1015.5,13,5.5,13,9.1,13,12.0,999.9,48.2*,37.4*,0.00I,999.9,100000
702758,27517,20100721,50.0,14,42.4,14,9999.9,0,1011.3,14,7.4,14,6.4,14,14.0,999.9,66.2*,37.4*,0.00I,999.9,100000
702758,27517,20100722,55.8,13,49.4,13,9999.9,0,1003.9,13,9.4,13,8.6,12,12.0,999.9,62.6*,53.6*,99.99,999.9,010000
702758,27517,20100723,52.5,15,47.8,15,9999.9,0,1003.1,15,9.5,15,8.7,15,12.0,999.9,57.2*,48.2*,99.99,999.9,010000
702758,27517,20100724,46.7,11,44.1,11,9999.9,0,1010.4,11,5.0,11,11.5,11,17.1,999.9,53.6*,42.8*,0.00I,999.9,100000
702758,27517,20100725,49.8,16,42.7,16,9999.9,0,1012.4,16,8.1,16,10.9,16,15.9,999.9,59.0*,41.0*,0.00I,999.9,000000
702758,27517,20100726,59.0,15,50.1,15,9999.9,0,1012.4,15,9.4,15,5.9,15,14.0,999.9,69.8*,50.0*,0.00I,999.9,000000
702758,27517,20100727,51.7,15,46.8,15,9999.9,0,1011.2,15,5.3,15,8.6,15,12.0,999.9,66.2*,46.4*,0.00I,999.9,100000
702758,27517,20100728,55.8,13,50.1,13,9999.9,0,1009.2,13,9.1,13,6.5,13,12.0,999.9,60.8*,48.2*,0.00I,999.9,100000
702758,27517,20100729,54.0,14,49.4,14,9999.9,0,1010.2,14,7.9,14,10.9,14,15.0,999.9,60.8*,51.8*,99.99,999.9,010000
702758,27517,20100730,54.9,15,48.6,15,9999.9,0,1013.4,14,9.5,14,7.5,14,12.0,999.9,66.2*,48.2*,99.99,999.9,110000
702758,27517,20100731,62.0,12,50.2,12,9999.9,0,1008.4,12,10.0,12,9.9,12,17.1,21.0,68.0*,55.4*,0.00I,999.9,000000
702758,27517,20100801,54.7,15,46.4,15,9999.9,0,1008.7,13,8.9,15,10.0,15,15.9,999.9,66.2*,44.6*,0.00I,999.9,000000
702758,27517,20100802,66.7,14,53.0,14,9999.9,0,1008.6,14,8.5,13,17.5,14,29.9,32.1,73.4*,62.6*,0.00I,999.9,000000
702758,27517,20100803,63.7,16,51.1,16,9999.9,0,1017.5,16,9.8,16,11.4,16,22.9,999.9,73.4*,55.4*,0.00I,999.9,000000
702758,27517,20100804,63.6,12,48.4,12,9999.9,0,1015.5,12,10.0,12,8.6,12,13.0,999.9,73.4*,51.8*,0.00I,999.9,000000
702758,27517,20100805,57.0,15,49.5,15,9999.9,0,1005.6,15,9.9,15,9.4,15,14.0,999.9,71.6*,50.0*,99.99,999.9,010000
702758,27517,20100806,45.0,12,42.9,12,9999.9,0,1000.7,12,8.3,12,10.3,12,14.0,999.9,50.0*,41.0*,99.99,999.9,010000
702758,27517,20100807,39.8,12,38.2,12,9999.9,0,1004.1,11,5.8,11,13.4,11,19.0,21.0,42.8*,35.6*,99.99,999.9,010000
702758,27517,20100808,40.8,12,34.5,12,9999.9,0,1010.4,12,9.8,12,19.3,12,25.1,26.0,42.8*,37.4*,99.99,999.9,010000
702758,27517,20100809,37.4,15,34.4,15,9999.9,0,1008.9,15,5.2,15,20.1,15,26.0,999.9,39.2*,35.6*,99.99,999.9,010000
702758,27517,20100810,38.0,13,35.7,13,9999.9,0,1008.2,12,3.5,13,13.9,13,18.1,999.9,41.0*,35.6*,99.99,999.9,010000
702758,27517,20100811,39.9,17,37.7,17,9999.9,0,1010.8,17,6.8,17,12.1,17,15.9,999.9,44.6*,37.4*,99.99,999.9,010000
702758,27517,20100812,47.1,16,43.5,16,9999.9,0,1016.1,16,6.2,16,7.2,16,13.0,999.9,64.4*,41.0*,0.00I,999.9,100000
702758,27517,20100813,54.1,17,48.7,17,9999.9,0,1019.0,17,9.6,17,9.0,17,12.0,999.9,66.2*,48.2*,99.99,999.9,010000
702758,27517,20100814,56.4,14,46.4,14,9999.9,0,1021.7,14,10.0,14,6.1,13,9.9,999.9,68.0*,44.6*,0.00I,999.9,000000
702758,27517,20100815,56.2,14,46.4,14,9999.9,0,1015.5,14,8.4,14,13.9,14,15.9,999.9,66.2*,44.6*,0.00I,999.9,000000
702758,27517,20100816,57.3,13,51.0,13,9999.9,0,1008.4,13,8.8,13,8.5,12,12.0,999.9,64.4*,46.4*,99.99,999.9,010000
702758,27517,20100817,46.3,15,42.8,15,9999.9,0,999.7,15,9.5,15,7.9,15,12.0,999.9,55.4*,42.8*,0.00I,999.9,100000
702758,27517,20100818,52.8,15,46.2,15,9999.9,0,1002.5,14,10.0,15,9.1,15,14.0,999.9,60.8*,48.2*,0.00I,999.9,000000
702758,27517,20100819,50.0,15,44.5,15,9999.9,0,1014.1,15,10.0,15,6.0,15,8.9,999.9,62.6*,46.4*,0.00I,999.9,000000
702758,27517,20100820,41.0,14,39.3,14,9999.9,0,1018.4,14,5.6,14,9.4,14,12.0,999.9,46.4*,39.2*,0.00I,999.9,100000
702758,27517,20100821,41.9,10,38.5,10,9999.9,0,1017.2,10,6.2,10,11.5,10,14.0,999.9,46.4*,39.2*,0.00I,999.9,100000
702758,27517,20100822,42.1,13,39.5,12,9999.9,0,1016.8,12,6.2,12,9.2,13,15.0,999.9,46.4*,33.8*,99.99,999.9,010000
702758,27517,20100823,44.0,15,40.3,15,9999.9,0,1023.1,15,5.5,15,5.7,15,8.0,999.9,50.0*,41.0*,0.00I,999.9,100000
702758,27517,20100824,43.6,13,39.3,13,9999.9,0,1025.6,13,5.1,13,5.9,13,9.9,999.9,53.6*,41.0*,0.00I,999.9,100000
702758,27517,20100825,44.0,15,38.8,15,9999.9,0,1021.8,15,7.7,15,12.6,15,18.1,999.9,50.0*,37.4*,0.00I,999.9,000000
702758,27517,20100826,44.5,14,40.7,14,9999.9,0,1014.6,13,6.0,14,16.2,14,20.0,21.0,50.0*,39.2*,0.00I,999.9,100000
702758,27517,20100827,43.2,16,40.2,16,9999.9,0,1010.5,16,5.3,16,12.0,16,18.1,999.9,50.0*,39.2*,99.99,999.9,010000
702758,27517,20100828,40.1,14,38.5,13,9999.9,0,1008.1,13,1.8,14,7.9,13,17.1,999.9,50.0*,33.8*,0.00I,999.9,100000
702758,27517,20100829,42.4,12,40.4,12,9999.9,0,1010.3,12,3.9,12,4.3,12,8.0,999.9,50.0*,35.6*,0.00I,999.9,100000
702758,27517,20100830,40.6,15,37.5,15,9999.9,0,1012.2,15,6.1,15,6.2,15,11.1,999.9,51.8*,37.4*,0.00I,999.9,100000
702758,27517,20100831,38.8,16,34.6,16,9999.9,0,1013.3,15,9.4,16,3.8,16,8.0,999.9,42.8*,37.4*,0.00I,999.9,000000
702758,27517,20100901,39.2,14,34.8,14,9999.9,0,1011.4,13,8.9,14,6.3,14,9.9,999.9,42.8*,37.4*,0.00I,999.9,000000
702758,27517,20100902,41.2,16,37.2,16,9999.9,0,1011.5,16,7.0,16,11.2,16,17.1,999.9,50.0*,37.4*,0.00I,999.9,100000
702758,27517,20100903,42.8,15,38.5,15,9999.9,0,1013.5,15,7.6,15,16.1,15,21.0,999.9,48.2*,39.2*,99.99,999.9,010000
702758,27517,20100904,41.5,12,38.6,12,9999.9,0,1009.9,12,7.4,12,14.6,12,20.0,999.9,48.2*,37.4*,99.99,999.9,010000
702758,27517,20100905,42.5,12,38.5,11,9999.9,0,1005.9,12,6.6,11,13.8,12,20.0,999.9,51.8*,37.4*,99.99,999.9,010000
702758,27517,20100906,46.7,14,40.5,14,9999.9,0,1013.8,14,9.7,14,9.5,14,13.0,999.9,57.2*,41.0*,0.00I,999.9,000000
702758,27517,20100907,46.3,16,40.3,15,9999.9,0,1009.9,16,7.2,16,12.0,15,14.0,15.0,59.0*,33.8*,0.00I,999.9,100000
702758,27517,20100908,53.6,12,45.6,12,9999.9,0,1005.4,12,10.0,12,8.2,11,12.0,999.9,60.8*,46.4*,0.00I,999.9,000000
702758,27517,20100909,49.3,16,46.9,15,9999.9,0,1013.7,16,4.6,15,6.1,16,9.9,999.9,62.6*,41.0*,99.99,999.9,110000
702758,27517,20100910,41.5,15,40.2,13,9999.9,0,1019.3,15,3.9,13,4.4,15,7.0,999.9,46.4*,37.4*,0.00I,999.9,100000
702758,27517,20100911,40.5,14,36.8,14,9999.9,0,1018.2,13,7.7,13,5.9,14,8.9,999.9,57.2*,33.8*,0.00I,999.9,100000
702758,27517,20100912,53.2,14,44.2,14,9999.9,0,1018.9,14,10.0,14,6.9,14,9.9,999.9,60.8*,46.4*,0.00I,999.9,000000
702758,27517,20100913,47.9,13,42.8,13,9999.9,0,1023.0,13,10.0,13,4.7,13,14.0,999.9,51.8*,42.8*,99.99,999.9,110000
702758,27517,20100914,40.3,16,37.2,16,9999.9,0,1024.4,16,5.4,15,14.1,14,18.1,24.1,53.6*,35.6*,0.00I,999.9,100000
702758,27517,20100915,41.8,13,35.9,13,9999.9,0,1021.3,13,10.0,13,11.0,13,15.9,999.9,59.0*,35.6*,0.00I,999.9,000000
702758,27517,20100916,43.4,12,40.8,12,9999.9,0,1021.9,12,7.8,12,4.2,12,6.0,999.9,57.2*,39.2*,99.99,999.9,010000
702758,27517,20100917,44.5,15,42.3,15,9999.9,0,1024.9,15,8.5,15,3.5,15,7.0,999.9,51.8*,39.2*,0.00I,999.9,000000
702758,27517,20100918,39.8,15,36.1,15,9999.9,0,1024.9,15,6.0,15,7.0,15,12.0,999.9,50.0*,33.8*,0.00I,999.9,000000
702758,27517,20100919,40.2,12,38.2,12,9999.9,0,1023.8,11,3.8,12,3.7,12,7.0,999.9,51.8*,37.4*,0.00I,999.9,100000
702758,27517,20100920,35.9,13,31.6,13,9999.9,0,1023.1,12,8.6,13,7.1,13,9.9,999.9,41.0*,33.8*,99.99,999.9,001000
702758,27517,20100921,32.1,16,28.9,16,9999.9,0,1022.0,16,6.3,16,9.5,16,13.0,999.9,35.6*,30.2*,99.99,999.9,001000
702758,27517,20100922,30.4,15,26.6,13,9999.9,0,1022.0,15,5.8,15,10.6,15,14.0,999.9,33.8*,28.4*,99.99,999.9,001000
702758,27517,20100923,31.2,12,25.6,11,9999.9,0,1019.2,12,7.2,11,10.1,12,14.0,999.9,35.6*,30.2*,99.99,999.9,001000
702758,27517,20100924,29.4,13,25.4,12,9999.9,0,1009.0,13,9.8,12,6.9,13,12.0,999.9,32.0*,26.6*,99.99,999.9,001000
702758,27517,20100925,30.4,12,24.5,12,9999.9,0,1003.5,12,8.4,12,11.7,12,22.9,999.9,35.6*,26.6*,0.00I,999.9,000000
702758,27517,20100926,26.6,12,23.1,12,9999.9,0,1005.5,11,9.5,12,14.6,12,19.0,21.0,32.0*,23.0*,99.99,999.9,001000
702758,27517,20100927,23.6,14,20.6,14,9999.9,0,1003.5,14,9.6,14,13.7,14,17.1,21.0,30.2*,19.4*,0.00I,999.9,000000
702758,27517,20100928,24.8,10,20.5,10,9999.9,0,999.8,10,10.0,10,14.8,10,21.0,999.9,28.4*,21.2*,0.00I,999.9,000000
702758,27517,20100929,25.0,9,20.2,9,9999.9,0,1002.1,9,9.4,9,14.4,9,15.9,999.9,28.4*,19.4*,99.99,999.9,001000
702758,27517,20100930,29.2,14,23.3,14,9999.9,0,1008.8,12,9.1,14,7.5,14,13.0,999.9,32.0*,26.6*,99.99,999.9,011000
702758,27517,20101001,29.1,11,17.6,9,9999.9,0,1013.0,11,10.0,11,6.8,11,8.9,999.9,39.2*,24.8*,0.00I,999.9,000000
702758,27517,20101002,29.2,9,23.2,9,9999.9,0,1002.5,8,10.0,9,16.0,9,18.1,24.1,30.2*,26.6*,0.00I,999.9,000000
702758,27517,20101003,30.2,10,27.9,10,9999.9,0,1005.7,10,4.1,10,16.0,10,18.1,999.9,9999.9,9999.9,99.99,999.9,001000
702758,27517,20101004,31.2,11,29.2,11,9999.9,0,1005.7,11,4.5,11,17.4,11,20.0,28.0,32.0*,30.2*,99.99,999.9,011000
702758,27517,20101005,30.7,17,29.4,17,9999.9,0,1004.9,17,4.4,17,14.7,17,17.1,20.0,32.0*,30.2*,99.99,999.9,011000
702758,27517,20101006,27.4,13,23.3,13,9999.9,0,1008.4,13,8.5,13,12.6,13,17.1,999.9,30.2*,26.6*,99.99,999.9,001000
702758,27517,20101007,23.6,13,19.1,13,9999.9,0,1010.4,13,10.0,13,5.9,13,12.0,999.9,26.6*,21.2*,0.00I,999.9,000000
702758,27517,20101008,18.9,14,13.9,14,9999.9,0,1008.6,14,9.8,14,11.6,14,15.0,999.9,23.0*,17.6*,99.99,999.9,001000
702758,27517,20101009,17.9,12,14.3,12,9999.9,0,1009.4,12,10.0,12,5.6,12,14.0,999.9,19.4*,15.8*,99.99,999.9,001000
702758,27517,20101010,19.8,12,15.6,12,9999.9,0,1012.4,12,7.8,12,9.1,12,14.0,999.9,23.0*,15.8*,99.99,999.9,001000
702758,27517,20101011,23.6,13,18.0,13,9999.9,0,1016.8,13,9.1,13,11.2,13,15.9,999.9,24.8*,21.2*,99.99,999.9,001000
702758,27517,20101012,23.8,14,18.4,14,9999.9,0,1018.4,14,8.6,14,12.0,14,17.1,999.9,24.8*,19.4*,99.99,999.9,011000
702758,27517,20101013,22.2,15,18.9,15,9999.9,0,1018.2,15,8.8,15,9.9,15,15.9,999.9,24.8*,17.6*,99.99,999.9,111000
702758,27517,20101014,22.2,15,19.0,15,9999.9,0,1015.3,15,7.6,15,12.8,15,17.1,999.9,23.0*,19.4*,0.00I,999.9,000000
702758,27517,20101015,20.4,13,16.5,13,9999.9,0,1016.7,13,9.3,13,11.0,12,14.0,999.9,23.0*,17.6*,0.00I,999.9,000000
702758,27517,20101016,22.2,14,17.3,14,9999.9,0,1016.7,14,8.6,14,10.0,14,17.1,999.9,24.8*,21.2*,99.99,999.9,001000
702758,27517,20101017,24.8,13,19.0,13,9999.9,0,1012.9,13,8.9,13,20.8,13,22.0,33.0,26.6*,23.0*,99.99,999.9,011000
702758,27517,20101018,25.3,17,20.5,17,9999.9,0,1007.8,17,5.3,16,25.6,16,28.0,40.0,26.6*,23.0*,99.99,999.9,011000
702758,27517,20101019,25.6,13,22.9,13,9999.9,0,1008.2,13,3.1,12,18.1,12,26.0,34.0,26.6*,21.2*,99.99,999.9,001000
702758,27517,20101020,10.1,16,6.8,16,9999.9,0,1009.6,16,5.7,16,3.6,16,7.0,999.9,17.6*,-0.4*,99.99,999.9,101000
702758,27517,20101021,24.1,15,21.3,15,9999.9,0,1008.5,15,5.5,15,19.5,15,24.1,32.1,26.6*,17.6*,99.99,999.9,001000
702758,27517,20101022,26.7,15,23.2,15,9999.9,0,1014.1,15,5.3,15,20.9,15,25.1,32.1,28.4*,26.6*,99.99,999.9,001000
702758,27517,20101023,26.6,14,23.4,14,9999.9,0,1013.0,14,4.9,14,20.2,14,24.1,34.0,9999.9,9999.9,99.99,999.9,011000
702758,27517,20101024,26.6,12,22.1,12,9999.9,0,1008.9,11,8.1,12,16.3,12,18.1,26.0,9999.9,9999.9,99.99,999.9,010000
702758,27517,20101025,25.3,15,23.1,15,9999.9,0,1009.5,15,5.0,15,13.3,15,18.1,999.9,26.6*,23.0*,99.99,999.9,011000
702758,27517,20101026,21.5,13,18.4,13,9999.9,0,1012.9,13,9.2,13,5.7,13,9.9,999.9,24.8*,19.4*,0.00I,999.9,000000
702758,27517,20101027,20.8,15,18.9,15,9999.9,0,1013.7,15,4.3,15,9.6,15,13.0,999.9,23.0*,12.2*,99.99,999.9,111000
702758,27517,20101028,13.3,13,10.0,13,9999.9,0,996.1,13,8.3,12,17.3,12,22.9,24.1,19.4*,8.6*,0.00I,999.9,000000
702758,27517,20101029,24.0,16,20.9,16,9999.9,0,988.0,16,7.7,16,10.1,16,17.1,999.9,26.6*,19.4*,99.99,999.9,110000
702758,27517,20101030,23.8,15,21.2,14,9999.9,0,987.7,15,5.0,15,9.2,15,14.0,999.9,24.8*,21.2*,99.99,999.9,011000
702758,27517,20101031,21.1,19,17.9,18,9999.9,0,993.7,18,6.1,19,12.5,19,21.0,26.0,24.8*,17.6*,99.99,999.9,001000
702758,27517,20101101,17.0,17,13.5,17,9999.9,0,1001.3,17,5.8,17,11.0,17,15.0,999.9,21.2*,14.0*,99.99,999.9,001000
702758,27517,20101102,14.1,14,8.3,14,9999.9,0,1011.8,14,4.9,14,15.7,14,19.0,999.9,30.2*,12.2*,99.99,999.9,001000
702758,27517,20101103,12.6,15,8.5,15,9999.9,0,1019.9,15,4.1,15,16.7,15,22.9,24.1,17.6*,10.4*,99.99,999.9,001000
702758,27517,20101104,20.8,14,18.2,14,9999.9,0,1000.3,14,2.8,14,23.1,14,33.0,999.9,23.0*,15.8*,99.99,999.9,001000
702758,27517,20101105,23.6,15,21.0,15,9999.9,0,990.4,15,3.2,13,15.7,14,28.0,40.0,33.8*,21.2*,99.99,999.9,001000
702758,27517,20101106,18.0,15,15.6,15,9999.9,0,998.7,15,6.0,15,11.8,15,15.0,999.9,23.0*,12.2*,0.00I,999.9,000000
702758,27517,20101107,18.6,7,16.8,7,9999.9,0,1006.8,7,4.3,7,7.1,7,8.9,999.9,19.4*,14.0*,0.00I,999.9,000000
702758,27517,20101108,21.2,12,18.8,12,9999.9,0,1007.7,12,2.8,12,3.3,11,6.0,999.9,23.0*,19.4*,99.99,999.9,011000
702758,27517,20101109,16.6,14,13.9,14,9999.9,0,1009.6,14,5.9,14,10.7,14,15.9,999.9,19.4*,10.4*,99.99,999.9,011000
702758,27517,20101110,11.4,14,8.0,14,9999.9,0,1015.0,13,5.8,14,9.9,14,15.9,999.9,17.6*,8.6*,99.99,999.9,001000
702758,27517,20101111,11.4,19,7.9,19,9999.9,0,1016.5,19,7.4,19,6.0,19,9.9,999.9,12.2*,6.8*,99.99,999.9,001000
702758,27517,20101112,9.3,15,5.4,15,9999.9,0,1012.7,15,8.3,15,12.5,15,15.0,999.9,10.4*,5.0*,99.99,999.9,001000
702758,27517,20101113,9.0,14,5.1,14,9999.9,0,1009.5,14,5.6,14,15.1,14,19.0,22.0,12.2*,5.0*,99.99,999.9,001000
702758,27517,20101114,3.0,8,-1.1,8,9999.9,0,1017.5,8,8.3,8,9.8,8,9.9,999.9,6.8*,-0.4*,99.99,999.9,001000
702758,27517,20101115,0.6,16,-3.8,16,9999.9,0,1028.7,15,5.6,16,12.6,16,20.0,22.9,5.0*,-2.2*,0.00I,999.9,000000
702758,27517,20101116,8.0,15,3.8,15,9999.9,0,1037.9,15,5.2,15,18.3,15,22.0,26.0,14.0*,-0.4*,99.99,999.9,001000
702758,27517,20101117,21.0,9,14.3,7,9999.9,0,1023.4,9,3.7,6,26.0,8,35.9,42.0,33.8*,-2.2*,0.00I,999.9,000000
702758,27517,20101118,23.6,9,20.8,9,9999.9,0,1016.2,9,8.3,8,19.2,9,40.0,999.9,28.4*,17.6*,0.00I,999.9,000000
702758,27517,20101119,16.1,14,13.0,14,9999.9,0,1022.9,13,6.2,13,10.5,14,15.0,999.9,17.6*,12.2*,99.99,999.9,101000
702758,27517,20101120,23.6,16,21.4,16,9999.9,0,1019.4,16,5.1,16,8.4,16,12.0,999.9,26.6*,19.4*,99.99,999.9,001000
702758,27517,20101121,22.1,19,20.0,19,9999.9,0,1019.1,19,4.6,19,14.1,19,18.1,999.9,26.6*,19.4*,99.99,999.9,001000
702758,27517,20101122,26.2,13,22.7,13,9999.9,0,1006.7,13,8.7,11,14.7,13,22.9,999.9,33.8*,19.4*,99.99,999.9,010000
702758,27517,20101123,26.8,11,24.5,11,9999.9,0,1007.4,11,10.3,11,7.3,11,9.9,999.9,33.8*,24.8*,99.99,999.9,101000
702758,27517,20101124,19.5,13,17.0,13,9999.9,0,994.8,13,4.3,13,14.9,13,18.1,999.9,24.8*,15.8*,99.99,999.9,001000
702758,27517,20101125,14.9,12,11.7,11,9999.9,0,994.9,11,7.1,12,8.4,12,14.0,999.9,15.8*,14.0*,99.99,999.9,001000
702758,27517,20101126,7.4,14,4.1,14,9999.9,0,1003.4,14,7.1,14,8.0,14,13.0,999.9,14.0*,5.0*,99.99,999.9,001000
702758,27517,20101127,2.8,13,-1.1,13,9999.9,0,1010.9,13,7.5,13,6.7,13,9.9,999.9,8.6*,-7.6*,99.99,999.9,001000
702758,27517,20101128,1.6,11,-2.7,11,9999.9,0,1018.4,11,4.1,11,6.1,11,8.9,999.9,5.0*,-4.0*,99.99,999.9,101000
702758,27517,20101129,-6.8,14,-11.5,14,9999.9,0,1026.2,14,5.5,13,3.4,13,6.0,999.9,-0.4*,-13.0*,99.99,999.9,101000
702758,27517,20101130,-18.1,14,-23.8,14,9999.9,0,1022.3,14,6.7,14,2.4,14,6.0,999.9,-13.0*,-23.8*,0.00I,999.9,100000
702758,27517,20101201,-0.3,15,-4.5,15,9999.9,0,1017.8,12,6.5,15,10.4,14,15.9,999.9,8.6*,-22.0*,99.99,999.9,001000
702758,27517,20101202,-8.8,14,-13.3,13,9999.9,0,1021.0,14,8.3,14,8.5,14,15.9,999.9,3.2*,-16.6*,99.99,999.9,001000
702758,27517,20101203,-8.5,14,-13.4,14,9999.9,0,1020.4,14,3.0,14,9.7,14,15.9,999.9,-2.2*,-13.0*,0.00I,999.9,100000
702758,27517,20101204,0.0,13,-4.1,13,9999.9,0,1014.7,13,2.6,13,20.0,13,24.1,34.0,1.4*,-2.2*,0.00I,999.9,100000
702758,27517,20101205,-3.6,13,-8.0,13,9999.9,0,1031.3,13,8.8,13,10.4,13,17.1,999.9,-0.4*,-5.8*,0.00I,999.9,000000
702758,27517,20101206,-11.2,15,-16.4,15,9999.9,0,1037.0,15,10.0,15,11.7,15,17.1,999.9,-5.8*,-16.6*,0.00I,999.9,000000
702758,27517,20101207,-17.5,16,-23.0,16,9999.9,0,1030.7,16,10.0,16,4.7,16,9.9,999.9,-13.0*,-20.2*,0.00I,999.9,000000
702758,27517,20101208,-9.8,14,-14.5,14,9999.9,0,1028.1,14,5.0,14,7.4,14,13.0,999.9,-4.0*,-18.4*,99.99,999.9,101000
702758,27517,20101209,-13.1,15,-18.8,15,9999.9,0,1023.1,15,6.7,14,5.0,15,13.0,999.9,-7.6*,-18.4*,99.99,999.9,101000
702758,27517,20101210,-10.2,13,-15.4,13,9999.9,0,1021.3,13,7.2,13,8.9,13,12.0,999.9,-5.8*,-16.6*,99.99,999.9,001000
702758,27517,20101211,-18.4,12,-24.3,12,9999.9,0,1028.3,12,5.7,12,9.9,12,13.0,999.9,-9.4*,-25.6*,99.99,999.9,101000
702758,27517,20101212,-14.0,16,-19.3,16,9999.9,0,1021.8,16,7.2,16,9.7,16,14.0,999.9,-4.0*,-23.8*,0.00I,999.9,000000
702758,27517,20101213,-0.4,12,-4.8,12,9999.9,0,1003.2,11,4.5,12,15.9,12,20.0,999.9,6.8*,-5.8*,99.99,999.9,001000
702758,27517,20101214,-9.1,16,-13.8,16,9999.9,0,1018.7,16,5.3,16,14.8,16,18.1,999.9,-4.0*,-14.8*,99.99,999.9,001000
702758,27517,20101215,-5.0,13,-9.8,13,9999.9,0,1028.6,13,8.3,13,11.1,13,15.9,999.9,-2.2*,-11.2*,99.99,999.9,001000
702758,27517,20101216,-8.8,14,-14.2,14,9999.9,0,1035.5,13,10.0,14,6.9,14,9.9,999.9,-4.0*,-14.8*,0.00I,999.9,000000
702758,27517,20101217,-14.8,14,-21.0,14,9999.9,0,1030.9,14,9.4,14,10.2,14,15.0,999.9,-2.2*,-20.2*,0.00I,999.9,100000
702758,27517,20101218,-15.7,10,-21.6,10,9999.9,0,1027.1,10,5.2,10,14.6,10,17.1,999.9,-11.2*,-20.2*,0.00I,999.9,100000
702758,27517,20101219,-11.3,13,-16.6,13,9999.9,0,1009.5,13,4.3,13,17.0,12,21.0,25.1,-7.6*,-14.8*,0.00I,999.9,100000
702758,27517,20101220,7.2,14,3.3,14,9999.9,0,1006.2,14,9.0,14,12.0,14,17.1,999.9,14.0*,-5.8*,0.00I,999.9,100000
702758,27517,20101221,6.5,12,2.1,11,9999.9,0,1012.3,12,3.2,12,16.8,12,20.0,999.9,10.4*,1.4*,99.99,999.9,001000
702758,27517,20101222,-7.9,14,-13.1,14,9999.9,0,1028.4,11,6.1,14,15.9,14,20.0,999.9,1.4*,-22.0*,99.99,999.9,001000
702758,27517,20101223,-27.0,17,-32.9,17,9999.9,0,1033.5,17,7.5,17,11.3,17,15.9,20.0,-23.8*,-31.0*,0.00I,999.9,000000
702758,27517,20101224,-20.8,15,-26.6,15,9999.9,0,1029.1,15,6.4,15,12.1,15,17.1,20.0,-18.4*,-27.4*,0.00I,999.9,100000
702758,27517,20101225,-21.7,7,-27.4,7,9999.9,0,1030.8,7,9.6,7,6.2,7,8.0,999.9,-18.4*,-27.4*,0.00I,999.9,000000
702758,27517,20101226,-37.6,12,-44.7,12,9999.9,0,1028.6,12,9.0,12,4.2,12,6.0,999.9,-31.0*,-40.0*,0.00I,999.9,000000
702758,27517,20101227,-43.4,15,-50.9,15,9999.9,0,1027.4,15,4.4,15,3.3,15,7.0,999.9,-40.0*,-45.4*,0.00I,999.9,100000
702758,27517,20101228,-47.2,15,-54.4,15,9999.9,0,1023.4,15,5.4,15,8.4,15,9.9,999.9,9999.9,9999.9,0.00I,999.9,000000
702758,27517,20101229,-42.2,13,-49.6,13,9999.9,0,1019.3,13,7.0,13,9.2,13,11.1,999.9,-40.0*,-47.2*,0.00I,999.9,000000
702758,27517,20101230,-41.0,14,-48.5,14,9999.9,0,1017.9,14,7.7,14,4.2,14,8.9,999.9,-40.0*,-41.8*,0.00I,999.9,000000
702758,27517,20101231,-28.4,15,-34.5,15,9999.9,0,1013.3,14,9.7,15,9.4,15,12.0,999.9,-23.8*,-34.6*,0.00I,999.9,000000
